4	-1.629601	0.000000
5	0.764640	0.000000
6	-3.045049	0.005002
7	1.464484	0.010322
8	-1.613639	0.015630
9	0.760453	0.020911
4	-1.636405	0.026199
5	0.753560	0.042690
6	-3.056992	0.047703
7	1.442230	0.053020
8	-1.619792	0.058339
9	0.749736	0.063368
4	-1.641901	0.068689
5	0.740733	0.085288
6	-3.065022	0.090283
7	1.419237	0.095584
8	-1.625102	0.100872
9	0.738189	0.106161
4	-1.647652	0.111161
5	0.728834	0.127684
6	-3.077155	0.132992
7	1.395235	0.138013
8	-1.630865	0.143293
9	0.725343	0.148558
4	-1.653417	0.153815
5	0.718622	0.170201
6	-3.085862	0.175450
7	1.376186	0.180711
8	-1.637655	0.185979
9	0.714431	0.191239
4	-1.659415	0.196492
5	0.707753	0.212882
6	-3.098393	0.218147
7	1.353207	0.223431
8	-1.642414	0.228432
9	0.703740	0.233733
4	-1.664460	0.239005
5	0.695355	0.255432
6	-3.108400	0.260696
7	1.330734	0.265969
8	-1.647034	0.271249
9	0.691586	0.276506
4	-1.670492	0.281755
5	0.683093	0.298158
6	-3.120189	0.303442
7	1.307223	0.308723
8	-1.652477	0.313727
9	0.679465	0.319020
4	-1.675132	0.324288
5	0.672403	0.340683
6	-3.129509	0.345947
7	1.287501	0.351204
8	-1.659191	0.356457
9	0.668173	0.361717
4	-1.680735	0.366982
5	0.661078	0.383376
6	-3.137966	0.388672
7	1.262908	0.393994
8	-1.663728	0.399010
9	0.657258	0.404335
4	-1.685698	0.409666
5	0.648279	0.426130
6	-3.146737	0.431126
7	1.240363	0.436434
8	-1.668201	0.441743
9	0.643141	0.447012
4	-1.691547	0.452312
5	0.636356	0.468775
6	-3.158937	0.473779
7	1.219220	0.479063
8	-1.672657	0.484408
9	0.632785	0.489689
4	-1.695972	0.494953
5	0.625997	0.511352
6	-3.167887	0.516609
7	1.196797	0.521865
8	-1.678892	0.527133
9	0.621951	0.532406
4	-1.701045	0.537711
5	0.613589	0.554090
6	-3.176549	0.559354
7	1.172099	0.564631
8	-1.683619	0.569939
9	0.610511	0.574947
4	-1.705470	0.580216
5	0.600951	0.596623
6	-3.185051	0.601891
7	1.148124	0.607140
8	-1.688285	0.612432
9	0.595918	0.617697
4	-1.710880	0.622969
5	0.589914	0.639417
6	-3.194969	0.644725
7	1.127587	0.649982
8	-1.692472	0.654994
9	0.585196	0.660251
4	-1.715720	0.665503
5	0.578866	0.681875
6	-3.204356	0.687139
7	1.106711	0.692432
8	-1.697402	0.697431
9	0.574620	0.702704
4	-1.719892	0.707977
5	0.565586	0.724464
6	-3.211549	0.729780
7	1.080506	0.734760
8	-1.702016	0.740057
9	0.562875	0.745365
4	-1.724050	0.750674
5	0.553599	0.767092
6	-3.221751	0.772337
7	1.056807	0.777610
8	-1.706562	0.782894
9	0.548270	0.787855
4	-1.729091	0.793123
5	0.542266	0.809514
6	-3.228365	0.814790
7	1.035030	0.820070
8	-1.710732	0.825356
9	0.537610	0.830624
4	-1.733523	0.835580
5	0.531221	0.852011
6	-3.237403	0.857303
7	1.014054	0.862624
8	-1.714890	0.867925
9	0.526552	0.872905
4	-1.737750	0.878186
5	0.517879	0.894557
6	-3.244534	0.899858
7	0.987230	0.905154
8	-1.719063	0.910427
9	0.515206	0.915383
4	-1.741333	0.920663
5	0.505591	0.937054
6	-3.253723	0.942327
7	0.963714	0.947587
8	-1.723206	0.952869
9	0.500503	0.958132
4	-1.745565	0.963393
5	0.494566	0.979811
6	-3.261908	0.985091
7	0.943468	0.990372
8	-1.727505	0.995356
9	0.489175	1.000621
4	-1.750095	1.005890
5	0.483091	1.022292
6	-3.266924	1.027577
7	0.921278	1.032862
8	-1.730893	1.038134
9	0.478222	1.043110
4	-1.753624	1.048382
5	0.469306	1.064773
6	-3.274456	1.070074
7	0.895255	1.075375
8	-1.734555	1.080374
9	0.466168	1.085631
4	-1.757234	1.090900
5	0.456956	1.107338
6	-3.283425	1.112650
7	0.870364	1.117643
8	-1.738751	1.122896
9	0.451682	1.128160
4	-1.761280	1.133440
5	0.445697	1.149844
6	-3.288868	1.155116
7	0.848732	1.160392
8	-1.743105	1.165658
9	0.440524	1.170922
4	-1.765378	1.176206
5	0.434501	1.192640
6	-3.296548	1.197894
7	0.826719	1.202865
8	-1.745909	1.208139
9	0.429256	1.213407
4	-1.768527	1.218672
5	0.420766	1.235103
6	-3.302344	1.240379
7	0.800517	1.245655
8	-1.748944	1.250968
9	0.416424	1.256232
4	-1.772244	1.261188
5	0.408168	1.277608
6	-3.309155	1.282900
7	0.776696	1.288173
8	-1.752630	1.293453
9	0.403307	1.298705
4	-1.775427	1.303954
5	0.396798	1.320381
6	-3.316680	1.325629
7	0.754807	1.330901
8	-1.757110	1.336170
9	0.391665	1.341431
4	-1.779030	1.346407
5	0.385137	1.362951
6	-3.321932	1.368279
7	0.730848	1.373300
8	-1.759620	1.378636
9	0.379987	1.383977
4	-1.781891	1.389001
5	0.371134	1.405620
6	-3.329271	1.410640
7	0.706349	1.415973
8	-1.762214	1.421001
9	0.366445	1.426313
4	-1.785515	1.431646
5	0.358491	1.448077
6	-3.336664	1.453345
7	0.682645	1.458609
8	-1.764980	1.463858
9	0.353520	1.469119
4	-1.787970	1.474415
5	0.347221	1.490853
6	-3.341802	1.496139
7	0.660377	1.501408
8	-1.769178	1.506687
9	0.342119	1.511956
4	-1.791285	1.517233
5	0.334725	1.533607
6	-3.345688	1.538880
7	0.633807	1.544149
8	-1.772044	1.549428
9	0.330644	1.554721
4	-1.793657	1.559741
5	0.321326	1.576433
6	-3.351155	1.581408
7	0.608480	1.586681
8	-1.774528	1.591945
9	0.314968	1.597215
4	-1.797209	1.602483
5	0.309093	1.618854
6	-3.356129	1.624106
7	0.587425	1.629359
8	-1.776338	1.634668
9	0.303776	1.639927
4	-1.799818	1.644872
5	0.297556	1.661579
6	-3.362003	1.666840
7	0.565224	1.672120
8	-1.779702	1.677388
9	0.292158	1.682661
4	-1.802352	1.687921
5	0.284000	1.704332
6	-3.367618	1.709637
7	0.537582	1.714937
8	-1.782377	1.719941
9	0.280542	1.725238
4	-1.804231	1.730486
5	0.271268	1.746973
6	-3.370519	1.752262
7	0.511873	1.757261
8	-1.784935	1.762519
9	0.265040	1.767787
4	-1.807688	1.773064
5	0.259366	1.789486
6	-3.373612	1.794775
7	0.491538	1.800056
8	-1.787153	1.805344
9	0.253685	1.810312
4	-1.809953	1.815597
5	0.247645	1.831983
6	-3.380779	1.837279
7	0.468142	1.842525
8	-1.789332	1.847805
9	0.242052	1.853109
4	-1.812177	1.858081
5	0.233724	1.874788
6	-3.386124	1.880061
7	0.441172	1.885018
8	-1.791425	1.890282
9	0.230119	1.895543
4	-1.814142	1.900786
5	0.221031	1.917182
6	-3.389498	1.922463
7	0.415089	1.927723
8	-1.794169	1.932987
9	0.215201	1.938256
4	-1.815892	1.943533
5	0.209327	1.959927
6	-3.392788	1.965245
7	0.393672	1.970225
8	-1.796296	1.975529
9	0.203307	1.980782
4	-1.818345	1.986070
5	0.197671	2.002477
6	-3.394450	2.007721
7	0.370658	2.013002
8	-1.797688	2.018314
9	0.191693	2.023615
4	-1.820138	2.028607
5	0.183315	2.045138
6	-3.401636	2.050455
7	0.344653	2.055719
8	-1.799210	2.060983
9	0.178134	2.066236
4	-1.822207	2.071525
5	0.170398	2.087908
6	-3.405524	2.093164
7	0.319803	2.098448
8	-1.801105	2.103749
9	0.164652	2.109013
4	-1.823421	2.114002
5	0.158997	2.130669
6	-3.403920	2.135633
7	0.297673	2.140910
8	-1.803720	2.146182
9	0.152848	2.151455
4	-1.825686	2.156719
5	0.146890	2.173094
6	-3.407291	2.178379
7	0.271614	2.183631
8	-1.804977	2.188927
9	0.141103	2.193908
4	-1.826578	2.199156
5	0.132611	2.215840
6	-3.413328	2.220875
7	0.245347	2.226164
8	-1.805902	2.231465
9	0.126708	2.236745
4	-1.828561	2.241726
5	0.119998	2.258192
6	-3.415628	2.263493
7	0.222786	2.268814
8	-1.807037	2.273798
9	0.113966	2.279098
4	-1.829904	2.284415
5	0.108194	2.300890
6	-3.419064	2.306179
7	0.200362	2.311163
8	-1.809421	2.316419
9	0.101919	2.321688
4	-1.831015	2.326952
5	0.095785	2.343409
6	-3.418125	2.348736
7	0.174248	2.353764
8	-1.810382	2.359108
9	0.090170	2.364414
4	-1.832023	2.369426
5	0.082145	2.385900
6	-3.423074	2.391210
7	0.149000	2.396202
8	-1.811140	2.401494
9	0.075438	2.406803
4	-1.833413	2.412083
5	0.069387	2.428586
6	-3.421081	2.433590
7	0.125949	2.438883
8	-1.811746	2.444167
9	0.063403	2.449448
4	-1.834338	2.454732
5	0.057609	2.470998
6	-3.426743	2.476324
7	0.103407	2.481612
8	-1.813581	2.486893
9	0.051360	2.491893
4	-1.835821	2.497185
5	0.044720	2.513736
6	-3.425082	2.518744
7	0.076644	2.524033
8	-1.814692	2.529334
9	0.039554	2.534622
4	-1.836081	2.539634
5	0.030828	2.556169
6	-3.430928	2.561466
7	0.051503	2.566470
8	-1.815262	2.571766
9	0.024145	2.577051
4	-1.837230	2.582367
5	0.018485	2.598831
6	-3.430744	2.603818
7	0.029416	2.609131
8	-1.814964	2.614455
9	0.012057	2.619752
4	-1.837616	2.624768
5	0.006666	2.641503
6	-3.432802	2.646787
7	0.006800	2.651795
8	-1.816256	2.657121
9	0.000668	2.662465
4	-1.838377	2.667466
5	-0.006268	2.683936
6	-3.435474	2.689213
7	-0.020764	2.694517
8	-1.817043	2.699882
9	-0.011361	2.704871
4	-1.838363	2.710167
5	-0.019920	2.726662
6	-3.432425	2.731690
7	-0.046294	2.737010
8	-1.817732	2.742343
9	-0.027468	2.747343
4	-1.839202	2.752648
5	-0.032048	2.769106
6	-3.435138	2.774403
7	-0.068183	2.779712
8	-1.817279	2.784696
9	-0.038838	2.789976
4	-1.839493	2.795269
5	-0.043979	2.811776
6	-3.436373	2.816820
7	-0.090399	2.822149
8	-1.817596	2.827469
9	-0.050817	2.832450
4	-1.839896	2.837750
5	-0.057583	2.854249
6	-3.432070	2.859554
7	-0.118890	2.864846
8	-1.818033	2.869851
9	-0.062580	2.875167
4	-1.839555	2.880495
5	-0.070944	2.896838
6	-3.433419	2.902174
7	-0.144022	2.907512
8	-1.818746	2.912555
9	-0.078325	2.917871
4	-1.839230	2.923157
5	-0.082958	2.939600
6	-3.434904	2.944871
7	-0.165865	2.949864
8	-1.818023	2.955164
9	-0.090024	2.960493
4	-1.839829	2.965545
5	-0.094924	2.982160
6	-3.437560	2.987149
7	-0.188301	2.992457
8	-1.817773	2.997769
9	-0.102000	3.002770
4	-1.839941	3.008027
5	-0.109091	3.024714
6	-3.433357	3.029670
7	-0.216260	3.034950
8	-1.817828	3.040235
9	-0.114005	3.045507
4	-1.839352	3.050792
5	-0.122232	3.067175
6	-3.433951	3.072447
7	-0.240319	3.077712
8	-1.817804	3.082965
9	-0.128980	3.088225
4	-1.838394	3.093493
5	-0.134087	3.109912
6	-3.430789	3.115172
7	-0.262621	3.120426
8	-1.817801	3.125702
9	-0.141161	3.131018
4	-1.838930	3.136015
5	-0.146024	3.152461
6	-3.432940	3.157710
7	-0.286477	3.162974
8	-1.816724	3.168255
9	-0.153024	3.173519
4	-1.838403	3.178816
5	-0.160379	3.195183
6	-3.430086	3.200432
7	-0.313053	3.205696
8	-1.816087	3.210964
9	-0.166447	3.216245
4	-1.837721	3.221526
5	-0.173264	3.237904
6	-3.431545	3.243157
7	-0.338407	3.248417
8	-1.815381	3.253698
9	-0.180197	3.258970
4	-1.836772	3.264247
5	-0.184715	3.280750
6	-3.428825	3.286051
7	-0.360744	3.291039
8	-1.815401	3.296355
9	-0.192072	3.301644
4	-1.836319	3.306921
5	-0.197420	3.323328
6	-3.427814	3.328616
7	-0.386782	3.333880
8	-1.814616	3.339153
9	-0.203846	3.344409
4	-1.835452	3.349662
5	-0.211632	3.366005
6	-3.427502	3.371269
7	-0.412538	3.376533
8	-1.813806	3.381803
9	-0.219452	3.387071
4	-1.834186	3.392335
5	-0.224049	3.408766
6	-3.423658	3.414059
7	-0.434623	3.419327
8	-1.812056	3.424592
9	-0.231106	3.429540
4	-1.833399	3.434780
5	-0.235553	3.451224
6	-3.425482	3.456468
7	-0.456684	3.461733
8	-1.811316	3.466985
9	-0.242958	3.472246
4	-1.832893	3.477498
5	-0.249040	3.493897
6	-3.422070	3.499169
7	-0.485709	3.504422
8	-1.810532	3.509695
9	-0.254631	3.514951
4	-1.831363	3.520232
5	-0.262704	3.536654
6	-3.419569	3.541923
7	-0.510140	3.547192
8	-1.809817	3.552456
9	-0.270217	3.557721
4	-1.829675	3.562989
5	-0.274584	3.579460
6	-3.415044	3.584776
7	-0.531428	3.589789
8	-1.807712	3.595122
9	-0.281913	3.600434
4	-1.829181	3.605450
5	-0.286446	3.621953
6	-3.413380	3.627254
7	-0.554409	3.632242
8	-1.805952	3.637550
9	-0.293932	3.642843
4	-1.827360	3.648127
5	-0.300601	3.664610
6	-3.411764	3.669887
7	-0.581272	3.674831
8	-1.804707	3.680132
9	-0.305917	3.685408
4	-1.825927	3.690665
5	-0.313644	3.707054
6	-3.405600	3.712300
7	-0.606847	3.717580
8	-1.803921	3.722861
9	-0.321214	3.727818
4	-1.823659	3.733074
5	-0.325403	3.749765
6	-3.404859	3.754762
7	-0.629378	3.760034
8	-1.802135	3.765306
9	-0.332694	3.770575
4	-1.822584	3.775868
5	-0.337179	3.792267
6	-3.402482	3.797555
7	-0.652852	3.802832
8	-1.799808	3.807804
9	-0.344548	3.813080
4	-1.820667	3.818345
5	-0.350976	3.834748
6	-3.399964	3.840037
7	-0.679734	3.845317
8	-1.797960	3.850290
9	-0.356782	3.855546
4	-1.818917	3.860810
5	-0.363972	3.877218
6	-3.394278	3.882518
7	-0.704878	3.887807
8	-1.796837	3.892835
9	-0.371649	3.898143
4	-1.816044	3.903456
5	-0.375750	3.920031
6	-3.390847	3.925020
7	-0.725837	3.930312
8	-1.794725	3.935604
9	-0.383451	3.940917
4	-1.814561	3.945894
5	-0.387447	3.962365
6	-3.385840	3.967628
7	-0.749142	3.972909
8	-1.791993	3.978174
9	-0.395148	3.983426
4	-1.812592	3.988375
5	-0.401557	4.005078
6	-3.382300	4.010034
7	-0.776272	4.015311
8	-1.789799	4.020571
9	-0.407875	4.025867
4	-1.810251	4.031152
5	-0.414302	4.047559
6	-3.380764	4.052831
7	-0.799625	4.058116
8	-1.787889	4.063400
9	-0.421646	4.068380
4	-1.807173	4.073677
5	-0.425894	4.090080
6	-3.373149	4.095340
7	-0.822497	4.100585
8	-1.785996	4.105841
9	-0.433614	4.111122
4	-1.805621	4.116394
5	-0.437694	4.132849
6	-3.369766	4.138141
7	-0.846451	4.143142
8	-1.783293	4.148411
9	-0.445292	4.153699
4	-1.803301	4.158956
5	-0.451617	4.175355
6	-3.365105	4.180608
7	-0.872352	4.185868
8	-1.780632	4.191140
9	-0.459156	4.196405
4	-1.800619	4.201650
5	-0.464113	4.218056
6	-3.359056	4.223333
7	-0.895732	4.228653
8	-1.777826	4.233650
9	-0.472403	4.238929
4	-1.797426	4.244211
5	-0.475609	4.260605
6	-3.355654	4.265849
7	-0.917618	4.271130
8	-1.775601	4.276435
9	-0.483897	4.281679
4	-1.795314	4.286928
5	-0.487812	4.303327
6	-3.352192	4.308587
7	-0.943196	4.313872
8	-1.772819	4.319168
9	-0.495236	4.324160
4	-1.792503	4.329413
5	-0.501683	4.345788
6	-3.345323	4.351044
7	-0.969107	4.356329
8	-1.770080	4.361621
9	-0.509851	4.366890
4	-1.789132	4.371874
5	-0.513804	4.388581
6	-3.339005	4.393585
7	-0.990417	4.398882
8	-1.766620	4.404158
9	-0.522311	4.409451
4	-1.785987	4.414411
5	-0.525196	4.431091
6	-3.333057	4.436055
7	-1.012695	4.441314
8	-1.763907	4.446592
9	-0.533884	4.451876
4	-1.783314	4.457156
5	-0.537465	4.473655
6	-3.328312	4.478660
7	-1.038499	4.483952
8	-1.761139	4.489269
9	-0.544784	4.494565
4	-1.780010	4.499553
5	-0.551305	4.516081
6	-3.322235	4.521377
7	-1.062546	4.526373
8	-1.758216	4.531634
9	-0.559623	4.536918
4	-1.776555	4.542207
5	-0.563307	4.558738
6	-3.315962	4.563754
7	-1.085322	4.569051
8	-1.754115	4.574371
9	-0.571728	4.579628
4	-1.773079	4.584599
5	-0.574398	4.601307
6	-3.309213	4.606267
7	-1.106553	4.611527
8	-1.750803	4.616804
9	-0.583093	4.622059
4	-1.770068	4.627325
5	-0.586870	4.643791
6	-3.302439	4.649068
7	-1.133173	4.654325
8	-1.747952	4.659605
9	-0.594711	4.664853
4	-1.766661	4.670130
5	-0.600922	4.686513
6	-3.297296	4.691761
7	-1.156788	4.697030
8	-1.744860	4.702298
9	-0.609160	4.707587
4	-1.762290	4.712595
5	-0.612435	4.729307
6	-3.288749	4.734578
7	-1.177776	4.739543
8	-1.740637	4.744832
9	-0.620656	4.750096
4	-1.759160	4.755379
5	-0.623644	4.771815
6	-3.283044	4.777124
7	-1.199608	4.782428
8	-1.736358	4.787405
9	-0.631960	4.792661
4	-1.755829	4.797942
5	-0.636485	4.814333
6	-3.277572	4.819617
7	-1.226893	4.824870
8	-1.732803	4.830130
9	-0.643883	4.835386
4	-1.751616	4.840691
5	-0.649698	4.857098
6	-3.267883	4.862355
7	-1.250682	4.867608
8	-1.729575	4.872892
9	-0.657542	4.878192
4	-1.746550	4.883477
5	-0.660937	4.899908
6	-3.259285	4.905200
7	-1.271677	4.910481
8	-1.725486	4.915449
9	-0.668936	4.920726
4	-1.743555	4.926006
5	-0.672567	4.942397
6	-3.252683	4.947637
7	-1.294537	4.952898
8	-1.721073	4.958182
9	-0.680716	4.963484
4	-1.739788	4.968472
5	-0.685628	4.985171
6	-3.245688	4.990435
7	-1.319962	4.995688
8	-1.717060	5.000936
9	-0.693124	5.006204
4	-1.735092	5.011469
5	-0.698307	5.027964
6	-3.236466	5.033248
7	-1.342535	5.038241
8	-1.712830	5.043538
9	-0.706444	5.048830
4	-1.730416	5.054083
5	-0.709343	5.070474
6	-3.228839	5.075746
7	-1.364189	5.080999
8	-1.708816	5.086315
9	-0.717507	5.091572
4	-1.726826	5.096528
5	-0.720856	5.113227
6	-3.220855	5.118203
7	-1.388517	5.123455
8	-1.704820	5.128764
9	-0.728121	5.134056
4	-1.722479	5.139064
5	-0.734158	5.155583
6	-3.213771	5.160884
7	-1.413725	5.166176
8	-1.700204	5.171216
9	-0.741844	5.176510
4	-1.717616	5.181826
5	-0.745869	5.198364
6	-3.204470	5.203373
7	-1.435285	5.208665
8	-1.695471	5.213970
9	-0.754109	5.219254
4	-1.712544	5.224242
5	-0.756858	5.240709
6	-3.195253	5.246038
7	-1.455994	5.251042
8	-1.690693	5.256375
9	-0.764828	5.261671
4	-1.708520	5.266980
5	-0.768752	5.283458
6	-3.188616	5.288739
7	-1.480022	5.293775
8	-1.686514	5.299051
9	-0.775721	5.304328
4	-1.703878	5.309593
5	-0.782163	5.325972
6	-3.178652	5.331253
7	-1.505792	5.336524
8	-1.681974	5.341805
9	-0.789678	5.346769
4	-1.698559	5.352043
5	-0.793810	5.368449
6	-3.168062	5.373733
7	-1.526244	5.379022
8	-1.676877	5.384030
9	-0.801425	5.389307
4	-1.693631	5.394575
5	-0.804432	5.411042
6	-3.160201	5.416355
7	-1.546812	5.421368
8	-1.671682	5.426676
9	-0.812481	5.431973
4	-1.689177	5.437277
5	-0.816539	5.453788
6	-3.152200	5.458788
7	-1.571496	5.464104
8	-1.667293	5.469401
9	-0.823076	5.474682
4	-1.684280	5.479982
5	-0.829685	5.496169
6	-3.141902	5.501473
7	-1.595714	5.506777
8	-1.662736	5.512034
9	-0.837083	5.517303
4	-1.678172	5.522563
5	-0.840709	5.538938
6	-3.130134	5.544231
7	-1.615229	5.549531
8	-1.656840	5.554839
9	-0.848279	5.559819
4	-1.673201	5.565092
5	-0.851436	5.581507
6	-3.122245	5.586779
7	-1.636153	5.592064
8	-1.650689	5.597336
9	-0.859287	5.602609
4	-1.668437	5.607877
5	-0.863960	5.624264
6	-3.114157	5.629517
7	-1.662779	5.634813
8	-1.646302	5.640107
9	-0.870390	5.645086
4	-1.663149	5.650388
5	-0.876346	5.666795
6	-3.102089	5.672059
7	-1.685043	5.677319
8	-1.641684	5.682588
9	-0.883918	5.687861
4	-1.656638	5.693140
5	-0.887263	5.709508
6	-3.089591	5.714760
7	-1.704383	5.720040
8	-1.635847	5.725330
9	-0.894454	5.730294
4	-1.652089	5.735579
5	-0.898104	5.751973
6	-3.080307	5.757241
7	-1.726892	5.762490
8	-1.629754	5.767779
9	-0.905605	5.773035
4	-1.646636	5.778288
5	-0.910349	5.794702
6	-3.071097	5.799963
7	-1.750143	5.805240
8	-1.624272	5.810520
9	-0.917006	5.815808
4	-1.641016	5.821097
5	-0.922218	5.837560
6	-3.057247	5.842844
7	-1.773487	5.848125
8	-1.619201	5.853109
9	-0.929795	5.858354
4	-1.633511	5.863618
5	-0.932663	5.880057
6	-3.045576	5.885357
7	-1.791637	5.890666
8	-1.613057	5.895671
9	-0.940383	5.900979
4	-1.628702	5.906296
5	-0.943585	5.922763
6	-3.039606	5.928047
7	-1.814332	5.933024
8	-1.607075	5.938280
9	-0.950606	5.943545
4	-1.623154	5.948809
5	-0.955994	5.965196
6	-3.025299	5.970456
7	-1.838668	5.975717
8	-1.601370	5.980982
9	-0.962987	5.986282
4	-1.617217	5.991282
5	-0.967648	6.007985
6	-3.014611	6.012950
7	-1.859839	6.018234
8	-1.595405	6.023515
9	-0.975528	6.028783
4	-1.609998	6.034071
5	-0.977996	6.050435
6	-3.002322	6.055704
7	-1.879070	6.060964
8	-1.589313	6.066232
9	-0.985744	6.071521
4	-1.604972	6.076530
5	-0.988751	6.093240
6	-2.989882	6.098533
7	-1.902452	6.103785
8	-1.583465	6.109062
9	-0.995519	6.114338
4	-1.598928	6.119631
5	-1.001492	6.136014
6	-2.980095	6.141310
7	-1.925600	6.146586
8	-1.577628	6.151900
9	-1.008647	6.156908
4	-1.591669	6.162205
5	-1.011944	6.178676
6	-2.967642	6.183956
7	-1.945622	6.188917
8	-1.570351	6.194209
9	-1.019855	6.199462
4	-1.584976	6.204726
5	-1.021977	6.221132
6	-2.956579	6.226393
7	-1.965335	6.231686
8	-1.563564	6.236963
9	-1.030352	6.242231
4	-1.579392	6.247231
5	-1.033154	6.263746
6	-2.945226	6.269015
7	-1.988059	6.273984
8	-1.557928	6.279256
9	-1.040080	6.284525
4	-1.572652	6.289805
5	-1.045468	6.306235
6	-2.934156	6.311540
7	-2.009819	6.316801
8	-1.552096	6.321765
9	-1.052530	6.327038
4	-1.565397	6.332282
5	-1.055980	6.348737
6	-2.918325	6.354005
7	-2.029591	6.359258
8	-1.544884	6.364526
9	-1.063564	6.369803
4	-1.559177	6.375040
5	-1.065784	6.391434
6	-2.908369	6.396683
7	-2.049139	6.401936
8	-1.537750	6.407200
9	-1.074112	6.412465
4	-1.552802	6.417753
5	-1.077092	6.434152
6	-2.894326	6.439456
7	-2.071920	6.444725
8	-1.531339	6.449725
9	-1.083911	6.455018
4	-1.546104	6.460347
5	-1.088980	6.476649
6	-2.882393	6.481954
7	-2.093442	6.487278
8	-1.525474	6.492262
9	-1.096316	6.497539
4	-1.537903	6.502835
5	-1.098771	6.519310
6	-2.868496	6.524607
7	-2.111519	6.529647
8	-1.518143	6.535000
9	-1.106200	6.539984
4	-1.531523	6.545268
5	-1.108632	6.561779
6	-2.856396	6.567100
7	-2.130569	6.572384
8	-1.509872	6.577388
9	-1.116734	6.582725
4	-1.525376	6.587745
5	-1.119850	6.604396
6	-2.844034	6.609428
7	-2.153676	6.614757
8	-1.503597	6.620081
9	-1.127019	6.625118
4	-1.517873	6.630431
5	-1.131439	6.646732
6	-2.829688	6.652060
7	-2.173935	6.657393
8	-1.497465	6.662426
9	-1.139043	6.667763
4	-1.509295	6.673099
5	-1.140962	6.689602
6	-2.813841	6.694602
7	-2.193187	6.699891
8	-1.489754	6.705204
9	-1.148320	6.710508
4	-1.503351	6.715504
5	-1.150842	6.732031
6	-2.803112	6.737355
7	-2.211862	6.742400
8	-1.481836	6.747732
9	-1.159001	6.753025
4	-1.496446	6.758021
5	-1.161719	6.774544
6	-2.789186	6.779836
7	-2.234741	6.785112
8	-1.474810	6.790121
9	-1.169267	6.795422
4	-1.488946	6.800726
5	-1.172972	6.817325
6	-2.774370	6.822349
7	-2.255230	6.827650
8	-1.468463	6.832954
9	-1.180773	6.838235
4	-1.479681	6.843240
5	-1.182335	6.859727
6	-2.759348	6.865047
7	-2.272590	6.870035
8	-1.460595	6.875344
9	-1.190176	6.880645
4	-1.473287	6.885953
5	-1.191905	6.902427
6	-2.748051	6.907428
7	-2.291737	6.912753
8	-1.452184	6.918073
9	-1.199818	6.923077
4	-1.466091	6.928389
5	-1.203568	6.944868
6	-2.732795	6.950164
7	-2.313741	6.955449
8	-1.444834	6.960469
9	-1.210730	6.965750
4	-1.458381	6.971058
5	-1.213961	6.987553
6	-2.717415	6.992585
7	-2.332533	6.997931
8	-1.438055	7.002991
9	-1.222136	7.008315
4	-1.448949	7.013603
5	-1.223090	7.030030
6	-2.701562	7.035327
7	-2.350493	7.040587
8	-1.429940	7.045865
9	-1.231003	7.050833
4	-1.442578	7.056094
5	-1.232908	7.072489
6	-2.688859	7.077749
7	-2.370394	7.083021
8	-1.422232	7.088294
9	-1.240115	7.093555
4	-1.434911	7.098831
5	-1.243935	7.115290
6	-2.673464	7.120546
7	-2.392140	7.125815
8	-1.414347	7.131100
9	-1.251262	7.136388
4	-1.426251	7.141645
5	-1.253872	7.158012
6	-2.655655	7.163292
7	-2.409011	7.168557
8	-1.406074	7.173833
9	-1.262234	7.179109
4	-1.417747	7.184370
5	-1.263018	7.200765
6	-2.643464	7.206049
7	-2.426580	7.211346
8	-1.397744	7.216623
9	-1.271792	7.221619
4	-1.410401	7.226875
5	-1.272815	7.243306
6	-2.628210	7.248614
7	-2.446187	7.253911
8	-1.390322	7.258907
9	-1.280124	7.264212
4	-1.402316	7.269499
5	-1.283908	7.285887
6	-2.612935	7.291140
7	-2.466460	7.296396
8	-1.382807	7.301680
9	-1.291340	7.306949
4	-1.393090	7.311957
5	-1.293309	7.328664
6	-2.595115	7.333624
7	-2.485119	7.338885
8	-1.373964	7.344133
9	-1.301432	7.349394
4	-1.385119	7.354655
5	-1.302116	7.371073
6	-2.580946	7.376353
7	-2.501674	7.381642
8	-1.364985	7.386931
9	-1.310678	7.392231
4	-1.377311	7.397215
5	-1.311887	7.413758
6	-2.566524	7.419063
7	-2.522777	7.424080
8	-1.357613	7.429356
9	-1.319366	7.434668
4	-1.369047	7.439692
5	-1.322806	7.456359
6	-2.550510	7.461311
7	-2.541872	7.466600
8	-1.349912	7.471881
9	-1.330049	7.477125
4	-1.359356	7.482390
5	-1.331883	7.498845
6	-2.530971	7.504125
7	-2.557774	7.509389
8	-1.341088	7.514654
9	-1.339546	7.519923
4	-1.351226	7.525200
5	-1.340654	7.541538
6	-2.518442	7.546806
7	-2.575973	7.552083
8	-1.331296	7.557363
9	-1.348713	7.562641
4	-1.343377	7.567913
5	-1.350382	7.584348
6	-2.501188	7.589616
7	-2.596002	7.594880
8	-1.323300	7.600153
9	-1.357968	7.605418
4	-1.334761	7.610706
5	-1.360541	7.627149
6	-2.484911	7.632425
7	-2.613853	7.637702
8	-1.315525	7.642667
9	-1.368203	7.647915
4	-1.324392	7.653192
5	-1.369207	7.669598
6	-2.466326	7.674871
7	-2.630079	7.680152
8	-1.306687	7.685420
9	-1.376541	7.690383
4	-1.316600	7.695669
5	-1.377867	7.712196
6	-2.451702	7.717500
7	-2.648013	7.722496
8	-1.297031	7.727829
9	-1.385074	7.733145
4	-1.308315	7.738158
5	-1.387418	7.754641
6	-2.435144	7.759897
7	-2.668846	7.765162
8	-1.288693	7.770430
9	-1.394871	7.775691
4	-1.299377	7.780955
5	-1.397012	7.797346
6	-2.418140	7.802615
7	-2.685939	7.807895
8	-1.280616	7.813171
9	-1.404865	7.818432
4	-1.288989	7.823400
5	-1.405428	7.839919
6	-2.400199	7.845216
7	-2.701669	7.850236
8	-1.271181	7.855533
9	-1.412967	7.860805
4	-1.280873	7.866062
5	-1.413839	7.882477
6	-2.386959	7.887773
7	-2.717937	7.893038
8	-1.261573	7.898026
9	-1.421280	7.903290
4	-1.272605	7.908555
5	-1.423893	7.924970
6	-2.367492	7.930254
7	-2.737721	7.935547
8	-1.252823	7.940567
9	-1.431024	7.945860
4	-1.263328	7.951160
5	-1.432824	7.967607
6	-2.349637	7.972876
7	-2.753289	7.978116
8	-1.244557	7.983085
9	-1.440897	7.988349
4	-1.252296	7.993614
5	-1.440640	8.010053
6	-2.332128	8.015329
7	-2.768620	8.020602
8	-1.234324	8.025882
9	-1.448522	8.031151
4	-1.244302	8.036391
5	-1.449302	8.052827
6	-2.317188	8.058098
7	-2.787049	8.063375
8	-1.225531	8.068687
9	-1.456168	8.073696
4	-1.235464	8.079020
5	-1.459072	8.095536
6	-2.300456	8.100524
7	-2.805188	8.105848
8	-1.216522	8.111169
9	-1.466205	8.116145
4	-1.225663	8.121441
5	-1.467710	8.137933
6	-2.278555	8.143233
7	-2.821317	8.148253
8	-1.207304	8.153586
9	-1.475911	8.158898
4	-1.215182	8.163915
5	-1.475242	8.180461
6	-2.262071	8.185783
7	-2.835170	8.190774
8	-1.197322	8.196091
9	-1.483517	8.201384
4	-1.206641	8.206667
5	-1.483665	8.223211
6	-2.248860	8.228195
7	-2.851029	8.233484
8	-1.188116	8.238804
9	-1.490703	8.243812
4	-1.197431	8.249126
5	-1.493051	8.265665
6	-2.231136	8.270661
7	-2.870587	8.275953
8	-1.178944	8.281262
9	-1.500299	8.286567
4	-1.187303	8.291546
5	-1.501298	8.308121
6	-2.205375	8.313414
7	-2.884951	8.318694
8	-1.169405	8.323999
9	-1.509533	8.328999
4	-1.177001	8.334283
5	-1.508618	8.350762
6	-2.193099	8.356051
7	-2.899430	8.361408
8	-1.158963	8.366440
9	-1.517325	8.371760
4	-1.168564	8.377045
5	-1.516769	8.393580
6	-2.176369	8.398576
7	-2.915972	8.403885
8	-1.149886	8.409185
9	-1.524003	8.414498
4	-1.158984	8.419537
5	-1.525979	8.436045
6	-2.159076	8.441342
7	-2.933150	8.446329
8	-1.140867	8.451634
9	-1.533559	8.456947
4	-1.148129	8.462239
5	-1.533988	8.478458
6	-2.136353	8.483766
7	-2.947427	8.489063
8	-1.130736	8.494359
9	-1.541751	8.499647
4	-1.138101	8.504643
5	-1.541207	8.521199
6	-2.118750	8.526512
7	-2.961593	8.531560
8	-1.119709	8.536925
9	-1.549802	8.541993
4	-1.129060	8.547325
5	-1.549213	8.563832
6	-2.100401	8.568841
7	-2.978078	8.574121
8	-1.110723	8.579458
9	-1.556790	8.584761
4	-1.119588	8.589762
5	-1.558462	8.606285
6	-2.082563	8.611305
7	-2.994381	8.616621
8	-1.101723	8.621883
9	-1.565740	8.627163
4	-1.107950	8.632419
5	-1.565955	8.648782
6	-2.059203	8.654070
7	-3.007663	8.659327
8	-1.091211	8.664616
9	-1.573513	8.669924
4	-1.098545	8.675200
5	-1.572843	8.691599
6	-2.043860	8.696856
7	-3.022497	8.702120
8	-1.079896	8.707397
9	-1.581338	8.712670
4	-1.089063	8.717666
5	-1.580515	8.734344
6	-2.026330	8.739305
7	-3.038173	8.744589
8	-1.070624	8.749845
9	-1.588531	8.755119
4	-1.079116	8.760395
5	-1.589234	8.776850
6	-2.005017	8.782110
7	-3.053931	8.787423
8	-1.061430	8.792411
9	-1.596778	8.797708
4	-1.066802	8.802983
5	-1.596601	8.819500
6	-1.983464	8.824743
7	-3.066517	8.829704
8	-1.050711	8.834992
9	-1.603606	8.840265
4	-1.057699	8.845518
5	-1.603463	8.861912
6	-1.968363	8.867197
7	-3.080593	8.872461
8	-1.039186	8.877722
9	-1.610954	8.882970
4	-1.047850	8.888235
5	-1.611133	8.904642
6	-1.949289	8.909926
7	-3.096600	8.915190
8	-1.029516	8.920471
9	-1.618929	8.925744
4	-1.037545	8.931041
5	-1.619094	8.947483
6	-1.927596	8.952784
7	-3.110448	8.957788
8	-1.020112	8.963076
9	-1.627045	8.968385
4	-1.025155	8.973658
5	-1.625743	8.990016
6	-1.905933	8.995285
7	-3.123160	9.000554
8	-1.008585	9.005871
9	-1.633406	9.011139
4	-1.016097	9.016087
5	-1.632848	9.032806
6	-1.888252	9.038082
7	-3.137294	9.043050
8	-0.998214	9.048315
9	-1.639736	9.053615
4	-1.006093	9.058871
5	-1.640442	9.075351
6	-1.870442	9.080631
7	-3.152664	9.085603
8	-0.988202	9.090872
9	-1.647971	9.096124
4	-0.995007	9.101397
5	-1.647718	9.117780
6	-1.847623	9.123048
7	-3.164857	9.128317
8	-0.977762	9.133577
9	-1.655903	9.138842
4	-0.982979	9.144166
5	-1.653862	9.160638
6	-1.828034	9.165886
7	-3.176215	9.171142
8	-0.966180	9.176098
9	-1.662057	9.181375
4	-0.973478	9.186628
5	-1.660934	9.203050
6	-1.809085	9.208307
7	-3.190962	9.213604
8	-0.956030	9.218604
9	-1.667841	9.223876
4	-0.963228	9.229108
5	-1.668737	9.245508
6	-1.790884	9.250805
7	-3.206156	9.256049
8	-0.945928	9.261325
9	-1.675816	9.266598
4	-0.951123	9.271854
5	-1.675401	9.288269
6	-1.766534	9.293522
7	-3.219107	9.298787
8	-0.935188	9.304063
9	-1.683073	9.309352
4	-0.940101	9.314636
5	-1.681307	9.330878
6	-1.747978	9.336218
7	-3.230205	9.341532
8	-0.923238	9.346568
9	-1.689673	9.351904
4	-0.930209	9.357193
5	-1.687787	9.373700
6	-1.727112	9.378712
7	-3.244339	9.384004
8	-0.913198	9.389306
9	-1.694885	9.394606
4	-0.919471	9.399626
5	-1.695495	9.416329
6	-1.708322	9.421325
7	-3.257569	9.426590
8	-0.902951	9.431858
9	-1.702562	9.437115
4	-0.906823	9.442387
5	-1.701713	9.458758
6	-1.685107	9.464015
7	-3.269831	9.469295
8	-0.892170	9.474579
9	-1.708939	9.479564
4	-0.896173	9.484809
5	-1.707261	9.501187
6	-1.665566	9.506448
7	-3.280774	9.511776
8	-0.879503	9.516800
9	-1.715370	9.522089
4	-0.885983	9.527365
5	-1.713913	9.543753
6	-1.646858	9.549018
7	-3.293920	9.554298
8	-0.869510	9.559578
9	-1.721313	9.564835
4	-0.875302	9.570092
5	-1.721256	9.586463
6	-1.626015	9.591730
7	-3.306020	9.597024
8	-0.859494	9.602028
9	-1.727918	9.607312
4	-0.862329	9.612581
5	-1.727436	9.628952
6	-1.600981	9.634228
7	-3.317700	9.639476
8	-0.848291	9.644734
9	-1.733985	9.650005
4	-0.851977	9.655266
5	-1.732765	9.671737
6	-1.582363	9.677008
7	-3.327828	9.682019
8	-0.835622	9.687331
9	-1.740139	9.692607
4	-0.841334	9.697907
5	-1.738687	9.714270
6	-1.563564	9.719528
7	-3.342021	9.724804
8	-0.825212	9.730080
9	-1.746326	9.735337
4	-0.830472	9.740325
5	-1.745739	9.757008
6	-1.541298	9.762312
7	-3.353816	9.767569
8	-0.815218	9.772521
9	-1.752549	9.777802
4	-0.816784	9.783106
5	-1.751259	9.799778
6	-1.516934	9.804761
7	-3.363515	9.810023
8	-0.803266	9.815286
9	-1.757727	9.820559
4	-0.806797	9.825844
5	-1.756728	9.842295
6	-1.498666	9.847603
7	-3.374828	9.852864
8	-0.790899	9.857824
9	-1.763370	9.863089
4	-0.795851	9.868393
5	-1.762636	9.884864
6	-1.478382	9.890137
7	-3.386761	9.895092
8	-0.780266	9.900361
9	-1.769784	9.905610
4	-0.784545	9.910878
5	-1.768847	9.927257
6	-1.454766	9.932549
7	-3.397508	9.937818
8	-0.769730	9.942806
9	-1.775976	9.948079
4	-0.771201	9.953359
5	-1.773985	9.969886
6	-1.431396	9.974918
7	-3.406440	9.980235
8	-0.757795	9.985527
9	-1.780396	9.990836
4	-0.761016	9.995829
5	-1.779118	10.012424
6	-1.411591	10.017444
7	-3.418587	10.022784
8	-0.745759	10.027812
9	-1.785891	10.033136
4	-0.750261	10.038465
5	-1.784916	10.054980
6	-1.391714	10.059989
7	-3.428837	10.065321
8	-0.735336	10.070614
9	-1.792295	10.075910
4	-0.738504	10.080907
5	-1.790560	10.097437
6	-1.367889	10.102738
7	-3.440491	10.107743
8	-0.724309	10.113075
9	-1.797846	10.118383
4	-0.724874	10.123700
5	-1.795657	10.140147
6	-1.344374	10.145119
7	-3.449617	10.150379
8	-0.711796	10.155660
9	-1.802192	10.160949
4	-0.714574	10.166209
5	-1.800709	10.182596
6	-1.324492	10.187844
7	-3.457952	10.193117
8	-0.700076	10.198385
9	-1.806796	10.203662
4	-0.703404	10.208963
5	-1.806238	10.225418
6	-1.303952	10.230682
7	-3.471251	10.235666
8	-0.689347	10.240939
9	-1.813293	10.246195
4	-0.691400	10.251440
5	-1.811507	10.267859
6	-1.278379	10.273115
7	-3.480163	10.278371
8	-0.678108	10.283636
9	-1.819001	10.288892
4	-0.678075	10.293869
5	-1.815865	10.310604
6	-1.256705	10.315877
7	-3.487738	10.320865
8	-0.665167	10.326110
9	-1.823297	10.331394
4	-0.667708	10.336643
5	-1.820765	10.353030
6	-1.236186	10.358311
7	-3.498052	10.363595
8	-0.654023	10.368863
9	-1.826914	10.374144
4	-0.656347	10.379416
5	-1.826375	10.395911
6	-1.215191	10.400915
7	-3.508757	10.406216
8	-0.643134	10.411513
9	-1.832858	10.416501
4	-0.643540	10.421789
5	-1.830874	10.438220
6	-1.188720	10.443485
7	-3.517774	10.448761
8	-0.631259	10.454029
9	-1.838167	10.459325
4	-0.630973	10.464599
5	-1.835173	10.481021
6	-1.168700	10.486286
7	-3.525546	10.491566
8	-0.618270	10.496823
9	-1.842812	10.502087
4	-0.620213	10.507051
5	-1.839705	10.523502
6	-1.148067	10.528766
7	-3.534747	10.534031
8	-0.607159	10.539292
9	-1.846459	10.544573
4	-0.608883	10.549853
5	-1.845303	10.566288
6	-1.126013	10.571572
7	-3.545493	10.576833
8	-0.596254	10.582093
9	-1.851588	10.587061
4	-0.595243	10.592322
5	-1.849499	10.608724
6	-1.099262	10.613997
7	-3.552082	10.619301
8	-0.584271	10.624305
9	-1.856153	10.629582
4	-0.583496	10.634875
5	-1.853090	10.651274
6	-1.079557	10.656562
7	-3.560954	10.661839
8	-0.571110	10.666811
9	-1.860903	10.672067
4	-0.572174	10.677336
5	-1.857291	10.693775
6	-1.058226	10.699075
7	-3.568488	10.704088
8	-0.559869	10.709369
9	-1.863699	10.714660
4	-0.560794	10.719954
5	-1.862550	10.736472
6	-1.036227	10.741468
7	-3.578506	10.746797
8	-0.548806	10.752106
9	-1.868561	10.757399
4	-0.546639	10.762394
5	-1.866374	10.778929
6	-1.010092	10.784222
7	-3.585060	10.789514
8	-0.536723	10.794815
9	-1.872766	10.799827
4	-0.535231	10.805147
5	-1.869920	10.821638
6	-0.989928	10.826642
7	-3.593667	10.831967
8	-0.523529	10.837251
9	-1.877432	10.842560
4	-0.524061	10.847553
5	-1.873939	10.864100
6	-0.968673	10.869412
7	-3.600713	10.874704
8	-0.512238	10.880029
9	-1.880959	10.885057
4	-0.512550	10.890346
5	-1.878689	10.906868
6	-0.945204	10.911888
7	-3.608812	10.917197
8	-0.501032	10.922501
9	-1.884826	10.927510
4	-0.498216	10.932814
5	-1.882339	10.949309
6	-0.917859	10.954614
7	-3.615421	10.959602
8	-0.488775	10.964923
9	-1.888175	10.970224
4	-0.486736	10.975208
5	-1.885570	10.991714
6	-0.897966	10.997007
7	-3.622697	11.002276
8	-0.475271	11.007572
9	-1.892329	11.012832
4	-0.475352	11.018101
5	-1.888984	11.034505
6	-0.876842	11.039792
7	-3.630300	11.045096
8	-0.463784	11.050097
9	-1.896041	11.055390
4	-0.463579	11.060650
5	-1.893290	11.077053
6	-0.852723	11.082314
7	-3.637639	11.087598
8	-0.452690	11.092855
9	-1.899713	11.098131
4	-0.448899	11.103388
5	-1.896704	11.119807
6	-0.826736	11.125095
7	-3.644303	11.130127
8	-0.439546	11.135416
9	-1.902392	11.140712
4	-0.438202	11.145985
5	-1.900056	11.162344
6	-0.807231	11.167608
7	-3.650239	11.172888
8	-0.426934	11.178149
9	-1.906124	11.183125
4	-0.426135	11.188398
5	-1.903091	11.204781
6	-0.785732	11.210130
7	-3.656624	11.215417
8	-0.415313	11.220391
9	-1.909862	11.225647
4	-0.414088	11.230907
5	-1.906827	11.247311
6	-0.762344	11.252571
7	-3.663286	11.257848
8	-0.404019	11.263100
9	-1.913388	11.268376
4	-0.399630	11.273621
5	-1.909802	11.290112
6	-0.736053	11.295380
7	-3.668338	11.300356
8	-0.390337	11.305633
9	-1.915408	11.310905
4	-0.388894	11.316170
5	-1.912964	11.332617
6	-0.713945	11.337909
7	-3.675059	11.342902
8	-0.378001	11.348195
9	-1.918436	11.353499
4	-0.377071	11.358783
5	-1.915868	11.375046
6	-0.694158	11.380351
7	-3.681556	11.385631
8	-0.366402	11.390923
9	-1.922470	11.396220
4	-0.364335	11.401212
5	-1.918927	11.417980
6	-0.665970	11.422960
7	-3.686365	11.428232
8	-0.354815	11.433533
9	-1.925629	11.438813
4	-0.350373	11.444102
5	-1.921463	11.460601
6	-0.643633	11.465601
7	-3.691586	11.470906
8	-0.340824	11.476198
9	-1.927662	11.481467
4	-0.339518	11.486751
5	-1.924611	11.503147
6	-0.624061	11.508390
7	-3.696500	11.513663
8	-0.328689	11.518916
9	-1.929877	11.524172
4	-0.327575	11.529481
5	-1.927498	11.545899
6	-0.599225	11.551164
7	-3.701332	11.556425
8	-0.317006	11.561685
9	-1.933299	11.566958
4	-0.313149	11.572230
5	-1.930094	11.588613
6	-0.573006	11.593890
7	-3.708032	11.599170
8	-0.305088	11.604434
9	-1.935945	11.609723
4	-0.300596	11.614692
5	-1.932023	11.631419
6	-0.550003	11.636383
7	-3.712505	11.641680
8	-0.291355	11.646965
9	-1.938715	11.652217
4	-0.289679	11.657478
5	-1.934588	11.673857
6	-0.529530	11.679113
7	-3.716036	11.684414
8	-0.279179	11.689723
9	-1.940132	11.694719
4	-0.277634	11.700011
5	-1.937619	11.716367
6	-0.505715	11.721647
7	-3.722671	11.726920
8	-0.267544	11.732192
9	-1.942728	11.737441
4	-0.262904	11.742689
5	-1.939817	11.759104
6	-0.478876	11.764373
7	-3.726262	11.769689
8	-0.255206	11.774665
9	-1.945236	11.779913
4	-0.250759	11.785178
5	-1.941400	11.801577
6	-0.458033	11.806854
7	-3.730143	11.812134
8	-0.241220	11.817406
9	-1.947785	11.822667
4	-0.239165	11.827923
5	-1.943498	11.844287
6	-0.435574	11.849599
7	-3.733843	11.854923
8	-0.229549	11.859908
9	-1.949859	11.865200
4	-0.227563	11.870505
5	-1.946245	11.886960
6	-0.411375	11.892244
7	-3.738428	11.897529
8	-0.217857	11.902821
9	-1.951612	11.908093
4	-0.212183	11.913057
5	-1.947918	11.929804
6	-0.384395	11.935045
7	-3.741158	11.940314
8	-0.204418	11.945278
9	-1.952689	11.950559
4	-0.200720	11.955807
5	-1.949630	11.972182
6	-0.364437	11.977451
7	-3.744319	11.982719
8	-0.191379	11.988036
9	-1.955150	11.993072
4	-0.189138	11.998384
5	-1.950903	12.014843
6	-0.342298	12.020132
7	-3.748275	12.025417
8	-0.179493	12.030389
9	-1.957491	12.035654
4	-0.176597	12.040906
5	-1.953569	12.057302
6	-0.316272	12.062577
7	-3.753644	12.067862
8	-0.167873	12.073115
9	-1.958702	12.078372
4	-0.161624	12.083332
5	-1.954937	12.100055
6	-0.292289	12.105339
7	-3.754266	12.110608
8	-0.153728	12.115876
9	-1.959522	12.120848
4	-0.150437	12.126125
5	-1.956394	12.142560
6	-0.273025	12.147868
7	-3.757480	12.152873
8	-0.140946	12.158145
9	-1.961318	12.163462
4	-0.138645	12.168730
5	-1.957553	12.185125
6	-0.249083	12.190394
7	-3.761519	12.195662
8	-0.129437	12.200947
9	-1.963888	12.206219
4	-0.125220	12.211480
5	-1.959291	12.227899
6	-0.223396	12.233187
7	-3.762711	12.238155
8	-0.117726	12.243440
9	-1.965211	12.248712
4	-0.110784	12.253969
5	-1.960443	12.270347
6	-0.198700	12.275604
7	-3.765946	12.280893
8	-0.103173	12.286177
9	-1.965466	12.291446
4	-0.099883	12.296410
5	-1.961949	12.312813
6	-0.177708	12.318102
7	-3.767489	12.323398
8	-0.091128	12.328731
9	-1.966265	12.333796
4	-0.087862	12.339160
5	-1.962791	12.355682
6	-0.156450	12.360670
7	-3.770116	12.365987
8	-0.079582	12.371279
9	-1.968487	12.376264
4	-0.074334	12.381548
5	-1.963876	12.398066
6	-0.128357	12.403355
7	-3.772100	12.408352
8	-0.067298	12.413653
9	-1.969536	12.418968
4	-0.060322	12.424250
5	-1.964691	12.440732
6	-0.104556	12.445721
7	-3.773437	12.451017
8	-0.053010	12.456329
9	-1.969893	12.461694
4	-0.048904	12.466742
5	-1.965960	12.483085
6	-0.082724	12.488438
7	-3.775204	12.493766
8	-0.040760	12.498786
9	-1.970208	12.504115
4	-0.037012	12.509440
5	-1.966827	12.526063
6	-0.061846	12.531067
7	-3.777696	12.536395
8	-0.029318	12.541428
9	-1.971910	12.546748
4	-0.022500	12.552081
5	-1.967502	12.568668
6	-0.032797	12.573676
7	-3.778442	12.579005
8	-0.017200	12.584037
9	-1.972781	12.589378
4	-0.009327	12.594706
5	-1.967669	12.610996
6	-0.009687	12.616313
7	-3.780025	12.621642
8	-0.002759	12.626686
9	-1.973351	12.632054
4	0.001616	12.637115
5	-1.968594	12.653750
6	0.011363	12.658766
7	-3.779186	12.664082
8	0.009422	12.669086
9	-1.972588	12.674436
4	0.014110	12.679775
5	-1.969183	12.696070
6	0.034368	12.701403
7	-3.781835	12.706714
8	0.021257	12.711754
9	-1.973730	12.717091
4	0.028586	12.722392
5	-1.969495	12.738927
6	0.061493	12.743963
7	-3.783344	12.749308
8	0.033314	12.754340
9	-1.974538	12.759649
4	0.041320	12.764953
5	-1.969343	12.781268
6	0.083592	12.786640
7	-3.781904	12.792009
8	0.047610	12.797057
9	-1.974853	12.802418
4	0.053008	12.807470
5	-1.969738	12.823800
6	0.105917	12.829121
7	-3.781398	12.834445
8	0.059903	12.839450
9	-1.974233	12.844786
4	0.064824	12.850143
5	-1.970315	12.866490
6	0.128953	12.871859
7	-3.783923	12.876915
8	0.071559	12.882252
9	-1.974416	12.887296
4	0.079832	12.892628
5	-1.970501	12.908990
6	0.156913	12.914340
7	-3.784357	12.919375
8	0.083976	12.924732
9	-1.974819	12.929789
4	0.092196	12.935145
5	-1.970006	12.951544
6	0.178406	12.956868
7	-3.783668	12.962173
8	0.097711	12.967485
9	-1.975217	12.972498
4	0.103834	12.977815
5	-1.969402	12.994314
6	0.201631	12.999602
7	-3.782032	13.004591
8	0.110090	13.009887
9	-1.974435	13.015223
4	0.116117	13.020231
5	-1.970156	13.036843
6	0.224903	13.041843
7	-3.782807	13.047148
8	0.122056	13.052448
9	-1.973851	13.057729
4	0.131047	13.062712
5	-1.969767	13.079176
6	0.252202	13.084465
7	-3.783244	13.089737
8	0.134556	13.094726
9	-1.973949	13.100038
4	0.143085	13.105351
5	-1.968930	13.121853
6	0.273421	13.126833
7	-3.781498	13.132146
8	0.148153	13.137447
9	-1.974223	13.142735
4	0.154917	13.147747
5	-1.968112	13.164539
6	0.296557	13.169519
7	-3.779591	13.174803
8	0.160332	13.180120
9	-1.973553	13.185436
4	0.167279	13.190437
5	-1.968265	13.206943
6	0.321615	13.212224
7	-3.779841	13.217516
8	0.172379	13.222521
9	-1.972192	13.227797
4	0.181997	13.233061
5	-1.967886	13.249665
6	0.348313	13.254661
7	-3.778547	13.260001
8	0.185454	13.265294
9	-1.971443	13.270286
4	0.194013	13.275611
5	-1.966856	13.292130
6	0.369370	13.297427
7	-3.777672	13.302415
8	0.198658	13.307703
9	-1.971512	13.313012
4	0.206132	13.318320
5	-1.965473	13.334811
6	0.391302	13.339823
7	-3.775109	13.345108
8	0.210874	13.350388
9	-1.971078	13.355680
4	0.218334	13.360997
5	-1.965261	13.377484
6	0.417998	13.382440
7	-3.773852	13.387706
8	0.222666	13.392958
9	-1.969171	13.398214
4	0.233285	13.403463
5	-1.964646	13.419894
6	0.443130	13.425138
7	-3.771797	13.430398
8	0.236795	13.435666
9	-1.967776	13.440911
4	0.244813	13.446164
5	-1.963594	13.462559
6	0.463824	13.467815
7	-3.769144	13.473084
8	0.249300	13.478356
9	-1.967130	13.483625
4	0.256646	13.488926
5	-1.961937	13.505397
6	0.486331	13.510645
7	-3.766755	13.515905
8	0.261133	13.521181
9	-1.966758	13.526431
4	0.270419	13.531711
5	-1.961124	13.548134
6	0.513959	13.553410
7	-3.764876	13.558674
8	0.272760	13.563943
9	-1.965709	13.569255
4	0.284398	13.574248
5	-1.959649	13.590975
6	0.538826	13.595972
7	-3.762477	13.601248
8	0.287697	13.606537
9	-1.963823	13.611822
4	0.295296	13.617086
5	-1.958690	13.633457
6	0.559507	13.638737
7	-3.759366	13.644017
8	0.299568	13.649298
9	-1.961632	13.654290
4	0.307529	13.659543
5	-1.956907	13.676266
6	0.581508	13.681266
7	-3.757449	13.686559
8	0.311301	13.691859
9	-1.960662	13.697131
4	0.322099	13.702103
5	-1.955512	13.718803
6	0.608511	13.723779
7	-3.754610	13.729083
8	0.323091	13.734368
9	-1.959570	13.739636
4	0.334981	13.744906
5	-1.953555	13.761252
6	0.632458	13.766523
7	-3.751210	13.771809
8	0.337470	13.777074
9	-1.958149	13.782350
4	0.346344	13.787302
5	-1.952098	13.803977
6	0.654223	13.808968
7	-3.747364	13.814226
8	0.349591	13.819474
9	-1.955333	13.824735
4	0.358129	13.829987
5	-1.950434	13.846438
6	0.676599	13.851727
7	-3.744560	13.856715
8	0.361335	13.862016
9	-1.953769	13.867304
4	0.372696	13.872597
5	-1.948865	13.889120
6	0.704160	13.894119
7	-3.742016	13.899416
8	0.373111	13.904736
9	-1.952467	13.909737
4	0.385060	13.915034
5	-1.946404	13.931505
6	0.725918	13.936789
7	-3.736783	13.942050
8	0.386801	13.947331
9	-1.950906	13.952635
4	0.396376	13.957631
5	-1.944116	13.974158
6	0.748060	13.979467
7	-3.731862	13.984735
8	0.399349	13.989991
9	-1.948457	13.995267
4	0.408380	14.000528
5	-1.942621	14.016939
6	0.773385	14.022200
7	-3.729714	14.027500
8	0.411239	14.032781
9	-1.945415	14.037737
4	0.423176	14.043014
5	-1.940711	14.059425
6	0.798874	14.064689
7	-3.725282	14.069954
8	0.423973	14.075210
9	-1.943381	14.080483
4	0.434790	14.085784
5	-1.938363	14.102154
6	0.818923	14.107427
7	-3.721329	14.112695
8	0.437141	14.117940
9	-1.941925	14.123206
4	0.446897	14.128481
5	-1.935075	14.144903
6	0.841701	14.150168
7	-3.715447	14.155424
8	0.448759	14.160688
9	-1.940122	14.165982
4	0.459507	14.171234
5	-1.933527	14.187685
6	0.868881	14.192978
7	-3.711174	14.197987
8	0.460549	14.203279
9	-1.936832	14.208579
4	0.473611	14.213587
5	-1.931191	14.230278
6	0.893491	14.235535
7	-3.706237	14.240799
8	0.474908	14.246075
9	-1.933675	14.251356
4	0.484359	14.256617
5	-1.929055	14.273008
6	0.913680	14.278288
7	-3.702212	14.283581
8	0.486887	14.288865
9	-1.931427	14.294138
4	0.496724	14.299090
5	-1.925292	14.315757
6	0.936003	14.321022
7	-3.696555	14.326002
8	0.498355	14.331286
9	-1.929546	14.336552
4	0.510438	14.341800
5	-1.922942	14.358235
6	0.962782	14.363567
7	-3.691104	14.368584
8	0.509856	14.373876
9	-1.926439	14.379177
4	0.523572	14.384485
5	-1.919938	14.400948
6	0.986290	14.406233
7	-3.686119	14.411201
8	0.524216	14.416465
9	-1.923275	14.421746
4	0.534439	14.427003
5	-1.917649	14.443398
6	1.006503	14.448682
7	-3.678690	14.453963
8	0.536380	14.459235
9	-1.919885	14.464524
4	0.546246	14.469484
5	-1.914168	14.485875
6	1.029239	14.491139
7	-3.674591	14.496404
8	0.547390	14.501668
9	-1.917687	14.506973
4	0.560801	14.512262
5	-1.911355	14.528752
6	1.056199	14.533749
7	-3.668340	14.539049
8	0.558963	14.544366
9	-1.914742	14.549359
4	0.573211	14.554643
5	-1.907912	14.571042
6	1.079400	14.576298
7	-3.662151	14.581567
8	0.573180	14.586840
9	-1.911486	14.592096
4	0.583823	14.597349
5	-1.905117	14.613744
6	1.099797	14.619000
7	-3.655017	14.624312
8	0.585153	14.629581
9	-1.907251	14.634545
4	0.595615	14.639798
5	-1.901422	14.656497
6	1.122551	14.661457
7	-3.649891	14.666734
8	0.596554	14.671994
9	-1.904130	14.677246
4	0.610218	14.682523
5	-1.898287	14.699023
6	1.148584	14.704011
7	-3.643323	14.709286
8	0.608041	14.714568
9	-1.901260	14.719852
4	0.622370	14.725109
5	-1.894522	14.741511
6	1.170121	14.746776
7	-3.637579	14.752060
8	0.621350	14.757309
9	-1.898320	14.762582
4	0.633247	14.767570
5	-1.891206	14.784005
6	1.192365	14.789273
7	-3.628951	14.794534
8	0.633679	14.799807
9	-1.894079	14.805099
4	0.644705	14.810376
5	-1.887706	14.826754
6	1.215616	14.832019
7	-3.623112	14.837300
8	0.645085	14.842656
9	-1.889782	14.847709
4	0.659173	14.853021
5	-1.884368	14.869564
6	1.241663	14.874559
7	-3.616694	14.879869
8	0.657220	14.885157
9	-1.886404	14.890469
4	0.670846	14.895750
5	-1.880346	14.912277
6	1.261404	14.917281
7	-3.608392	14.922574
8	0.669613	14.927859
9	-1.883433	14.932875
4	0.682357	14.938167
5	-1.875697	14.954649
6	1.283648	14.959939
7	-3.599006	14.964927
8	0.681515	14.970231
9	-1.879802	14.975552
4	0.694027	14.980845
5	-1.872669	14.997367
6	1.307850	15.002392
7	-3.594066	15.007701
8	0.693097	15.013045
9	-1.874211	15.018073
4	0.708270	15.023366
5	-1.868856	15.039901
6	1.332543	15.044885
7	-3.586324	15.050186
8	0.705855	15.055493
9	-1.870478	15.060787
4	0.719166	15.066079
5	-1.864713	15.082562
6	1.351691	15.087543
7	-3.578592	15.092879
8	0.717585	15.098211
9	-1.867426	15.103196
4	0.730760	15.108492
5	-1.859336	15.124983
6	1.373792	15.130284
7	-3.568645	15.135288
8	0.729065	15.140584
9	-1.863592	15.145882
4	0.742843	15.151165
5	-1.855977	15.167684
6	1.399656	15.172685
7	-3.561057	15.178002
8	0.740729	15.183317
9	-1.857937	15.188594
4	0.756295	15.193583
5	-1.852076	15.210102
6	1.423762	15.215423
7	-3.553182	15.220475
8	0.754154	15.225779
9	-1.853614	15.231063
4	0.767157	15.236360
5	-1.847864	15.252866
6	1.442621	15.257867
7	-3.545180	15.263163
8	0.765364	15.268440
9	-1.849676	15.273709
4	0.778649	15.278977
5	-1.842175	15.295392
6	1.464362	15.300668
7	-3.535434	15.305949
8	0.776432	15.310933
9	-1.846173	15.316202
4	0.790920	15.321479
5	-1.838162	15.337897
6	1.490183	15.343186
7	-3.526500	15.348471
8	0.787807	15.353431
9	-1.840213	15.358688
4	0.804336	15.363948
5	-1.833880	15.380342
6	1.514001	15.385628
7	-3.517948	15.390912
8	0.801926	15.396184
9	-1.835230	15.401144
4	0.814643	15.406433
5	-1.829658	15.422868
6	1.531878	15.428188
7	-3.511158	15.433201
8	0.812583	15.438493
9	-1.831358	15.443782
4	0.826018	15.449066
5	-1.823492	15.465437
6	1.552902	15.470717
7	-3.499404	15.475970
8	0.823522	15.481235
9	-1.827109	15.486515
4	0.838657	15.491775
5	-1.819435	15.508167
6	1.578679	15.513463
7	-3.491031	15.518756
8	0.834537	15.524048
9	-1.821697	15.529004
4	0.851724	15.534305
5	-1.814688	15.550716
6	1.601992	15.555992
7	-3.481246	15.561293
8	0.848792	15.566542
9	-1.816116	15.571494
4	0.861676	15.576754
5	-1.809848	15.593457
6	1.621325	15.598453
7	-3.470875	15.603718
8	0.859478	15.608985
9	-1.810987	15.614267
4	0.873108	15.619511
5	-1.803830	15.635946
6	1.641279	15.641246
7	-3.462089	15.646527
8	0.869904	15.651804
9	-1.805997	15.657052
4	0.886605	15.662325
5	-1.799326	15.678728
6	1.666780	15.684024
7	-3.452290	15.689309
8	0.880811	15.694261
9	-1.801231	15.699534
4	0.898433	15.704798
5	-1.794370	15.721181
6	1.689122	15.726437
7	-3.441807	15.731726
8	0.894382	15.736999
9	-1.796136	15.741971
4	0.908334	15.747224
5	-1.789196	15.763618
6	1.708227	15.768899
7	-3.430291	15.774171
8	0.905628	15.779452
9	-1.790193	15.784705
4	0.919397	15.789957
5	-1.783259	15.806368
6	1.727693	15.811680
7	-3.421014	15.816677
8	0.915981	15.821973
9	-1.784711	15.827266
4	0.933078	15.832566
5	-1.778291	15.849146
6	1.753657	15.854117
7	-3.411368	15.859410
8	0.926774	15.864718
9	-1.779623	15.870043
4	0.944779	15.875035
5	-1.772590	15.891738
6	1.774922	15.896714
7	-3.401216	15.901999
8	0.939403	15.907271
9	-1.774438	15.912551
4	0.954595	15.917824
5	-1.766830	15.934223
6	1.794842	15.939499
7	-3.388799	15.944792
8	0.951054	15.950041
9	-1.768196	15.954997
4	0.965021	15.960258
5	-1.761129	15.976688
6	1.815370	15.981953
7	-3.378986	15.987250
8	0.961704	15.992518
9	-1.761468	15.997794
4	0.978842	16.003087
5	-1.755791	16.019514
6	1.840272	16.024819
7	-3.367589	16.030103
8	0.973332	16.035396
9	-1.756671	16.040356
4	0.989902	16.045617
5	-1.749793	16.062307
6	1.858442	16.067295
7	-3.357416	16.072569
8	0.984504	16.077853
9	-1.751676	16.083105
4	1.000629	16.088394
5	-1.742993	16.104805
6	1.878984	16.110098
7	-3.342405	16.115366
8	0.995763	16.120378
9	-1.745947	16.125647
4	1.010895	16.130899
5	-1.738081	16.147262
6	1.902454	16.152547
7	-3.332642	16.157811
8	1.006563	16.163095
9	-1.738112	16.168384
4	1.024182	16.173392
5	-1.732061	16.189833
6	1.924751	16.195100
7	-3.323472	16.200393
8	1.018570	16.205694
9	-1.732250	16.210678
4	1.034839	16.216003
5	-1.726191	16.232386
6	1.942537	16.237658
7	-3.311692	16.242918
8	1.028910	16.248183
9	-1.727500	16.253468
4	1.045518	16.258748
5	-1.718326	16.275139
6	1.963504	16.280396
7	-3.296099	16.285672
8	1.039770	16.290933
9	-1.721688	16.296229
4	1.056512	16.301485
5	-1.713391	16.317896
6	1.987534	16.323173
7	-3.286074	16.328442
8	1.050730	16.333438
9	-1.713667	16.338739
4	1.069176	16.344019
5	-1.707330	16.360422
6	2.009278	16.365670
7	-3.274310	16.370923
8	1.063698	16.376195
9	-1.707492	16.381464
4	1.078580	16.386744
5	-1.701389	16.403147
6	2.026141	16.408411
7	-3.262611	16.413705
8	1.073761	16.418953
9	-1.701804	16.423917
4	1.089506	16.429182
5	-1.693385	16.445584
6	2.045801	16.450856
7	-3.247684	16.456173
8	1.083143	16.461462
9	-1.696022	16.466422
4	1.101210	16.471731
5	-1.687744	16.488262
6	2.070630	16.493258
7	-3.236299	16.498575
8	1.093991	16.503880
9	-1.688309	16.508892
4	1.112719	16.514177
5	-1.681502	16.530755
6	2.091747	16.535744
7	-3.225196	16.541036
8	1.106890	16.546341
9	-1.681147	16.551629
4	1.122332	16.556621
5	-1.675179	16.573168
6	2.108467	16.578469
7	-3.211957	16.583473
8	1.116259	16.588770
9	-1.675358	16.594078
4	1.133094	16.599087
5	-1.666975	16.615581
6	2.127097	16.620859
7	-3.197521	16.626123
8	1.126068	16.631388
9	-1.669448	16.636692
4	1.144960	16.641964
5	-1.660688	16.658375
6	2.151671	16.663659
7	-3.185507	16.668912
8	1.136809	16.674180
9	-1.661804	16.679449
4	1.156345	16.684710
5	-1.654404	16.701101
6	2.172285	16.706393
7	-3.172460	16.711678
8	1.149617	16.716650
9	-1.654513	16.721923
4	1.165340	16.727175
5	-1.647840	16.743562
6	2.189305	16.748882
7	-3.157993	16.754191
8	1.159566	16.759175
9	-1.647835	16.764440
4	1.175845	16.769708
5	-1.639681	16.786227
6	2.207890	16.791235
7	-3.144244	16.796520
8	1.168697	16.801792
9	-1.641040	16.807049
4	1.188088	16.812314
5	-1.633063	16.828724
6	2.232442	16.833981
7	-3.131543	16.839249
8	1.178623	16.844526
9	-1.633938	16.849806
4	1.198976	16.855095
5	-1.626108	16.871454
6	2.251399	16.876714
7	-3.117767	16.881966
8	1.191018	16.887236
9	-1.626969	16.892523
4	1.207695	16.897781
5	-1.618810	16.914143
6	2.269612	16.919416
7	-3.102506	16.924688
8	1.201494	16.929981
9	-1.619177	16.935257
4	1.217883	16.940250
5	-1.611174	16.956708
6	2.288826	16.961977
7	-3.089760	16.967258
8	1.211181	16.972530
9	-1.611126	16.977799
4	1.230350	16.983042
5	-1.604524	16.999478
6	2.310627	17.004742
7	-3.076657	17.010007
8	1.221733	17.015267
9	-1.604476	17.020532
4	1.240521	17.025828
5	-1.597045	17.042235
6	2.328768	17.047551
7	-3.062011	17.052832
8	1.231962	17.057832
9	-1.598061	17.063121
4	1.249957	17.068410
5	-1.588695	17.084897
6	2.347620	17.090168
7	-3.045390	17.095461
8	1.242388	17.100418
9	-1.590321	17.105698
4	1.259766	17.110955
5	-1.581738	17.127429
6	2.368925	17.132722
7	-3.032411	17.137722
8	1.252315	17.143011
9	-1.581366	17.148295
4	1.271508	17.153552
5	-1.574684	17.169963
6	2.389112	17.175227
7	-3.018251	17.180526
8	1.263337	17.185797
9	-1.574045	17.190769
4	1.281569	17.196061
5	-1.567099	17.212448
6	2.406026	17.217717
7	-3.004599	17.222981
8	1.272440	17.228269
9	-1.567769	17.233538
4	1.290922	17.238495
5	-1.557854	17.255213
6	2.424145	17.260206
7	-2.986038	17.265495
8	1.282494	17.270754
9	-1.559675	17.276019
4	1.300819	17.281284
5	-1.551035	17.297674
6	2.445918	17.302955
7	-2.974034	17.308239
8	1.292720	17.313244
9	-1.550465	17.318561
4	1.312213	17.323917
5	-1.543892	17.340300
6	2.465470	17.345640
7	-2.959111	17.350673
8	1.304043	17.355990
9	-1.542974	17.361281
4	1.321485	17.366282
5	-1.536205	17.383101
6	2.480126	17.388105
7	-2.943538	17.393410
8	1.312914	17.398707
9	-1.535938	17.404003
4	1.331051	17.409288
5	-1.526287	17.425462
6	2.499319	17.430786
7	-2.926388	17.436075
8	1.321447	17.441372
9	-1.528166	17.446404
4	1.341613	17.451725
5	-1.519342	17.468227
6	2.522460	17.473508
7	-2.911735	17.478536
8	1.331842	17.483841
9	-1.518782	17.489126
4	1.352182	17.494418
5	-1.511524	17.510933
6	2.540970	17.515921
7	-2.897185	17.521213
8	1.343658	17.526530
9	-1.510790	17.531550
4	1.360498	17.536851
5	-1.504100	17.553334
6	2.555831	17.558619
7	-2.880393	17.563931
8	1.352079	17.568948
9	-1.503199	17.574260
4	1.370359	17.579585
5	-1.493910	17.596072
6	2.572911	17.601060
7	-2.864032	17.606353
8	1.360550	17.611641
9	-1.495266	17.616946
4	1.381483	17.622254
5	-1.486440	17.638496
6	2.595249	17.643797
7	-2.849413	17.649106
8	1.370178	17.654085
9	-1.486011	17.659390
4	1.391156	17.664662
5	-1.478725	17.681149
6	2.613369	17.686454
7	-2.834264	17.691466
8	1.381615	17.696794
9	-1.477538	17.702075
4	1.399205	17.707376
5	-1.470371	17.723899
6	2.628623	17.728919
7	-2.815629	17.734223
8	1.390655	17.739544
9	-1.469448	17.744576
4	1.408637	17.749893
5	-1.460655	17.766368
6	2.645498	17.771652
7	-2.800053	17.776668
8	1.398907	17.781981
9	-1.460834	17.787302
4	1.420100	17.792310
5	-1.453157	17.808885
6	2.667154	17.814190
7	-2.783585	17.819465
8	1.407824	17.824730
9	-1.452415	17.829682
4	1.429584	17.834954
5	-1.444779	17.851397
6	2.685512	17.856662
7	-2.769283	17.861934
8	1.419158	17.867239
9	-1.444123	17.872503
4	1.437047	17.877460
5	-1.436296	17.893871
6	2.701109	17.899139
7	-2.749191	17.904404
8	1.428080	17.909680
9	-1.435233	17.914941
4	1.446240	17.920237
5	-1.426618	17.936652
6	2.717322	17.941941
7	-2.733792	17.947289
8	1.436329	17.952353
9	-1.425915	17.957665
4	1.457537	17.962650
5	-1.418364	17.979157
6	2.737065	17.984458
7	-2.717152	17.989762
8	1.445108	17.995050
9	-1.417406	18.000043
4	1.466792	18.005348
5	-1.409760	18.021858
6	2.754799	18.026903
7	-2.701750	18.032211
8	1.455274	18.037527
9	-1.409014	18.042540
4	1.474302	18.047872
5	-1.400743	18.064395
6	2.770472	18.069408
7	-2.680281	18.074688
8	1.464825	18.079984
9	-1.399579	18.085281
4	1.482978	18.090262
5	-1.391206	18.106796
6	2.787462	18.112093
7	-2.664595	18.117390
8	1.472891	18.122702
9	-1.389883	18.127694
4	1.494062	18.132982
5	-1.382959	18.149505
6	2.806302	18.154513
7	-2.649358	18.159835
8	1.481219	18.165175
9	-1.381812	18.170196
4	1.503110	18.175508
5	-1.373883	18.191983
6	2.822123	18.197295
7	-2.630902	18.202304
8	1.490836	18.207596
9	-1.373020	18.212884
4	1.510125	18.217885
5	-1.364475	18.234396
6	2.838567	18.239692
7	-2.611459	18.244990
8	1.500199	18.249981
9	-1.363521	18.255298
4	1.518860	18.260625
5	-1.355036	18.277173
6	2.855042	18.282165
7	-2.595962	18.287462
8	1.508248	18.292770
9	-1.353369	18.298047
4	1.529484	18.303044
5	-1.346610	18.319571
6	2.872322	18.324879
7	-2.578483	18.329891
8	1.516662	18.335196
9	-1.345156	18.340480
4	1.538449	18.345468
5	-1.337388	18.362235
6	2.888618	18.367264
7	-2.561098	18.372561
8	1.525767	18.377913
9	-1.336224	18.382933
4	1.545632	18.388250
5	-1.327026	18.404676
6	2.903655	18.409953
7	-2.538856	18.415225
8	1.534925	18.420526
9	-1.326912	18.425795
4	1.553815	18.431059
5	-1.318097	18.447502
6	2.921856	18.452498
7	-2.523046	18.457779
8	1.543017	18.463086
9	-1.315904	18.468384
4	1.564041	18.473379
5	-1.309259	18.490194
6	2.938019	18.495203
7	-2.506648	18.500503
8	1.552000	18.505784
9	-1.307199	18.511032
4	1.572492	18.516272
5	-1.300025	18.532715
6	2.952426	18.537968
7	-2.489036	18.542948
8	1.559647	18.548237
9	-1.298704	18.553501
4	1.580134	18.558749
5	-1.288727	18.575168
6	2.968229	18.580473
7	-2.465723	18.585742
8	1.568420	18.590710
9	-1.289120	18.595967
4	1.588183	18.601227
5	-1.280163	18.617710
6	2.986577	18.622999
7	-2.449237	18.628007
8	1.576620	18.633320
9	-1.277922	18.638580
4	1.597851	18.643829
5	-1.271048	18.660223
6	3.001676	18.665496
7	-2.433749	18.670768
8	1.585579	18.676060
9	-1.268649	18.681073
4	1.605859	18.686350
5	-1.261618	18.702745
6	3.014813	18.708005
7	-2.413943	18.713250
8	1.592818	18.718535
9	-1.260062	18.723779
4	1.613663	18.729047
5	-1.249976	18.745466
6	3.030506	18.750735
7	-2.392204	18.755987
8	1.600774	18.761260
9	-1.250148	18.766520
4	1.622384	18.771797
5	-1.241067	18.788208
6	3.049625	18.793468
7	-2.375694	18.798748
8	1.609028	18.804062
9	-1.238792	18.809342
4	1.631232	18.814298
5	-1.232038	18.830985
6	3.064826	18.835977
7	-2.356711	18.841230
8	1.618743	18.846499
9	-1.229112	18.851799
4	1.637705	18.857075
5	-1.222370	18.873554
6	3.076032	18.878554
7	-2.337444	18.883843
8	1.625400	18.889140
9	-1.220568	18.894145
4	1.645761	18.899413
5	-1.210273	18.916108
6	3.090883	18.921076
7	-2.316578	18.926349
8	1.632493	18.931613
9	-1.209984	18.936873
4	1.655109	18.942138
5	-1.201623	18.958530
6	3.109210	18.963785
7	-2.299691	18.969042
8	1.640432	18.974330
9	-1.198960	18.979594
4	1.662889	18.984599
5	-1.192401	19.001033
6	3.124779	19.006294
7	-2.281051	19.011559
8	1.649883	19.016824
9	-1.189347	19.022124
4	1.669226	19.027372
5	-1.182146	19.043771
6	3.135763	19.049016
7	-2.260311	19.054305
8	1.656995	19.059573
9	-1.179862	19.064538
4	1.676960	19.069810
5	-1.170373	19.086280
6	3.149665	19.091597
7	-2.239097	19.096590
8	1.663397	19.101898
9	-1.169069	19.107215
4	1.686311	19.112499
5	-1.161156	19.129014
6	3.167837	19.134018
7	-2.221873	19.139318
8	1.670902	19.144623
9	-1.158738	19.149928
4	1.693831	19.154888
5	-1.151233	19.171547
6	3.182379	19.176515
7	-2.202313	19.181800
8	1.680136	19.187085
9	-1.148742	19.192354
4	1.699520	19.197614
5	-1.140929	19.214005
6	3.193491	19.219301
7	-2.181418	19.224578
8	1.687301	19.229582
9	-1.138745	19.234870
4	1.707306	19.240178
5	-1.129298	19.256446
6	3.206912	19.261770
7	-2.160447	19.267066
8	1.693230	19.272055
9	-1.127832	19.277375
4	1.716361	19.282696
5	-1.119736	19.299243
6	3.224083	19.304219
7	-2.142876	19.309512
8	1.700497	19.314816
9	-1.117666	19.320129
4	1.723946	19.325136
5	-1.109994	19.341811
6	3.239327	19.346784
7	-2.123790	19.352061
8	1.709221	19.357317
9	-1.107528	19.362586
4	1.729603	19.367846
5	-1.099298	19.384341
6	3.250004	19.389332
7	-2.100041	19.394617
8	1.716595	19.399886
9	-1.096711	19.405138
4	1.736613	19.410387
5	-1.087597	19.426790
6	3.263405	19.432054
7	-2.081745	19.437323
8	1.722753	19.442599
9	-1.085379	19.447868
4	1.745522	19.453153
5	-1.078315	19.469587
6	3.278373	19.474855
7	-2.062564	19.480120
8	1.729825	19.485373
9	-1.075220	19.490650
4	1.752778	19.495894
5	-1.067930	19.512301
6	3.291450	19.517593
7	-2.043691	19.522890
8	1.736703	19.528190
9	-1.065364	19.533151
4	1.758166	19.538419
5	-1.056006	19.554797
6	3.304640	19.560107
7	-2.017990	19.565355
8	1.744290	19.570620
9	-1.054354	19.575896
4	1.765042	19.581149
5	-1.045411	19.597540
6	3.318759	19.602780
7	-2.000371	19.608069
8	1.751049	19.613341
9	-1.042242	19.618306
4	1.773148	19.623566
5	-1.035552	19.640268
6	3.331812	19.645261
7	-1.980875	19.650570
8	1.758469	19.655902
9	-1.032400	19.660926
4	1.780286	19.666239
5	-1.025176	19.682754
6	3.343130	19.687738
7	-1.960564	19.692999
8	1.764005	19.698275
9	-1.022556	19.703528
4	1.786075	19.708780
5	-1.012657	19.725167
6	3.355997	19.730427
7	-1.934648	19.735688
8	1.771045	19.740956
9	-1.011389	19.746249
4	1.792756	19.751514
5	-1.002441	19.767901
6	3.371478	19.773169
7	-1.917117	19.778449
8	1.778021	19.783738
9	-0.998883	19.788690
4	1.800185	19.793967
5	-0.992196	19.810345
6	3.383048	19.815638
7	-1.897839	19.820935
8	1.785233	19.826207
9	-0.988877	19.831195
4	1.806622	19.836488
5	-0.981865	19.852927
6	3.393055	19.858207
7	-1.875668	19.863492
8	1.790202	19.868752
9	-0.978947	19.874025
4	1.812492	19.879274
5	-0.968585	19.895685
6	3.404806	19.900937
7	-1.851087	19.906197
8	1.796613	19.911446
9	-0.967257	19.916726
4	1.819458	19.921995
5	-0.958576	19.938405
6	3.420759	19.943663
7	-1.832190	19.948911
8	1.803313	19.954187
9	-0.954821	19.959448
4	1.826175	19.964737
5	-0.948091	19.981247
6	3.432802	19.986520
7	-1.812458	19.991504
8	1.811202	19.996780
9	-0.943938	20.002057
4	1.831198	20.007357
5	-0.937448	20.023869
6	3.440395	20.028844
7	-1.788164	20.034145
8	1.816416	20.039454
9	-0.933957	20.044718
4	1.837757	20.050011
5	-0.924392	20.066438
6	3.451854	20.071723
7	-1.766324	20.076982
8	1.821363	20.081954
9	-0.921967	20.087232
4	1.845210	20.092516
5	-0.914097	20.108954
6	3.467260	20.114211
7	-1.746605	20.119476
8	1.827639	20.124740
9	-0.910871	20.130041
4	1.851325	20.135325
5	-0.903712	20.151688
6	3.478664	20.156948
7	-1.725982	20.162201
8	1.834877	20.167438
9	-0.900130	20.172722
4	1.855526	20.177967
5	-0.891571	20.194402
6	3.487693	20.199698
7	-1.701506	20.204942
8	1.841002	20.210195
9	-0.888462	20.215187
4	1.861670	20.220520
5	-0.879214	20.237019
6	3.497575	20.242327
7	-1.680279	20.247315
8	1.845739	20.252625
9	-0.876341	20.257937
4	1.869138	20.262944
5	-0.869389	20.279396
6	3.510452	20.284712
7	-1.659902	20.290006
8	1.851378	20.295298
9	-0.865386	20.300318
4	1.875122	20.305615
5	-0.858326	20.322129
6	3.522423	20.327438
7	-1.638737	20.332434
8	1.857841	20.337723
9	-0.854666	20.343023
4	1.878884	20.347995
5	-0.845673	20.364522
6	3.532046	20.369854
7	-1.613162	20.375183
8	1.864152	20.380203
9	-0.843284	20.385536
4	1.884697	20.390825
5	-0.833996	20.407232
6	3.542257	20.412488
7	-1.594131	20.417769
8	1.869026	20.423037
9	-0.830069	20.428294
4	1.891680	20.433274
5	-0.823581	20.449929
6	3.553255	20.454917
7	-1.572645	20.460206
8	1.874145	20.465463
9	-0.819540	20.470727
4	1.897438	20.476016
5	-0.812428	20.492427
6	3.563736	20.497683
7	-1.550489	20.502948
8	1.879375	20.508224
9	-0.808897	20.513469
4	1.901479	20.518709
5	-0.799155	20.535116
6	3.573721	20.540405
7	-1.525071	20.545701
8	1.885720	20.550969
9	-0.797157	20.555941
4	1.906629	20.561214
5	-0.788257	20.577628
6	3.584522	20.582898
7	-1.505072	20.588174
8	1.890798	20.593463
9	-0.783637	20.598700
4	1.913317	20.603971
5	-0.777302	20.620351
6	3.594411	20.625603
7	-1.483434	20.630891
8	1.896484	20.636208
9	-0.773041	20.641193
4	1.918309	20.646484
5	-0.766089	20.662787
6	3.602410	20.668115
7	-1.461370	20.673453
8	1.900294	20.678454
9	-0.762339	20.683730
4	1.923202	20.689026
5	-0.752821	20.705533
6	3.613211	20.710546
7	-1.434954	20.715866
8	1.905961	20.721171
9	-0.750423	20.726464
4	1.928072	20.731740
5	-0.741453	20.747982
6	3.624335	20.753299
7	-1.415463	20.758612
8	1.911462	20.763636
9	-0.737367	20.768932
4	1.933618	20.774233
5	-0.730913	20.790728
6	3.634191	20.795740
7	-1.394513	20.801053
8	1.917124	20.806317
9	-0.726268	20.811598
4	1.938310	20.816858
5	-0.719395	20.833233
6	3.640085	20.838509
7	-1.371868	20.843774
8	1.920140	20.849027
9	-0.715552	20.853987
4	1.943079	20.859267
5	-0.705331	20.875682
6	3.649777	20.880959
7	-1.344819	20.886235
8	1.925292	20.891511
9	-0.702961	20.896761
4	1.948309	20.902029
5	-0.694926	20.918456
6	3.661314	20.923700
7	-1.325519	20.928973
8	1.930247	20.934237
9	-0.690034	20.939497
4	1.953357	20.944746
5	-0.683506	20.961137
6	3.670512	20.966438
7	-1.303025	20.971750
8	1.936245	20.977006
9	-0.678723	20.981971
4	1.956771	20.987227
5	-0.671721	21.003902
6	3.675528	21.008867
7	-1.277590	21.014171
8	1.939724	21.019448
9	-0.667520	21.024708
4	1.961821	21.029969
5	-0.658109	21.046364
6	3.684588	21.051688
7	-1.254359	21.056720
8	1.943317	21.062040
9	-0.654466	21.067329
4	1.967319	21.072629
5	-0.647199	21.089120
6	3.695694	21.094136
7	-1.234060	21.099433
8	1.948045	21.104702
9	-0.642362	21.109934
4	1.971570	21.115199
5	-0.635636	21.131606
6	3.704835	21.136882
7	-1.212416	21.142159
8	1.953915	21.147123
9	-0.630951	21.152384
4	1.974450	21.157657
5	-0.623624	21.174055
6	3.709985	21.179352
7	-1.185692	21.184636
8	1.957446	21.189633
9	-0.619323	21.194914
4	1.979306	21.200173
5	-0.609985	21.216541
6	3.717862	21.221841
7	-1.163380	21.227122
8	1.960755	21.232402
9	-0.606239	21.237663
4	1.984673	21.242635
5	-0.599091	21.259315
6	3.727516	21.264307
7	-1.143105	21.269579
8	1.965142	21.274840
9	-0.594258	21.280092
4	1.988633	21.285364
5	-0.587573	21.301832
6	3.736411	21.307144
7	-1.120348	21.312144
8	1.970101	21.317412
9	-0.582783	21.322681
4	1.991323	21.327938
5	-0.574851	21.344365
6	3.741413	21.349617
7	-1.093588	21.354877
8	1.974187	21.360147
9	-0.570853	21.365423
4	1.995526	21.370431
5	-0.561779	21.386922
6	3.748332	21.392214
7	-1.071062	21.397491
8	1.977480	21.402783
9	-0.557230	21.408048
4	2.000578	21.413320
5	-0.550728	21.429719
6	3.757504	21.435016
7	-1.049245	21.440300
8	1.981166	21.445572
9	-0.545797	21.450545
4	2.004872	21.455825
5	-0.538986	21.472252
6	3.765114	21.477524
7	-1.027327	21.482785
8	1.984716	21.488049
9	-0.534463	21.493302
4	2.006960	21.498567
5	-0.525184	21.514950
6	3.771501	21.520206
7	-0.999949	21.525459
8	1.989377	21.530731
9	-0.521841	21.535988
4	2.010625	21.541248
5	-0.513032	21.557759
6	3.778883	21.562744
7	-0.979367	21.568060
8	1.992851	21.573356
9	-0.508230	21.578661
4	2.015250	21.583961
5	-0.501840	21.600345
6	3.786035	21.605622
7	-0.956121	21.610893
8	1.996584	21.615858
9	-0.496714	21.621119
4	2.019167	21.626375
5	-0.489943	21.642830
6	3.791018	21.648103
7	-0.933135	21.653355
8	1.998764	21.658611
9	-0.485370	21.663872
4	2.022024	21.669133
5	-0.475705	21.685536
6	3.798111	21.690808
7	-0.905736	21.696057
8	2.002752	21.701341
9	-0.472624	21.706649
4	2.025440	21.711661
5	-0.464115	21.728117
6	3.805965	21.733366
7	-0.884781	21.738626
8	2.006610	21.743898
9	-0.459135	21.749142
4	2.028955	21.754427
5	-0.452793	21.770834
6	3.812750	21.776091
7	-0.863002	21.781364
8	2.010365	21.786636
9	-0.447323	21.791908
4	2.031711	21.797189
5	-0.440514	21.813612
6	3.815294	21.818873
7	-0.835889	21.824141
8	2.012201	21.829397
9	-0.435553	21.834658
4	2.035068	21.839919
5	-0.426087	21.856349
6	3.821851	21.861645
7	-0.811238	21.866626
8	2.014926	21.871958
9	-0.422137	21.877259
4	2.038861	21.882532
5	-0.414453	21.898919
6	3.830484	21.904195
7	-0.790444	21.909448
8	2.018450	21.914733
9	-0.409114	21.920001
4	2.042053	21.925265
5	-0.402792	21.941672
6	3.836859	21.946965
7	-0.767043	21.952249
8	2.022543	21.957221
9	-0.397749	21.962477
4	2.043601	21.967746
5	-0.390353	21.984170
6	3.838867	21.989446
7	-0.739217	21.994746
8	2.025157	22.000046
9	-0.385850	22.005026
4	2.047034	22.010335
5	-0.375958	22.026850
6	3.844293	22.031879
7	-0.715082	22.037186
8	2.026792	22.042484
9	-0.371616	22.047784
4	2.050884	22.052792
5	-0.365155	22.069599
6	3.850921	22.074595
7	-0.693479	22.079843
8	2.029715	22.085100
9	-0.359676	22.090365
4	2.053569	22.095613
5	-0.353162	22.112048
6	3.857795	22.117336
7	-0.671292	22.122625
8	2.033179	22.127665
9	-0.347822	22.132970
4	2.054351	22.137978
5	-0.339663	22.154489
6	3.860548	22.159786
7	-0.643356	22.165082
8	2.035947	22.170102
9	-0.335805	22.175410
4	2.057302	22.180687
5	-0.326293	22.197206
6	3.864075	22.202207
7	-0.620039	22.207483
8	2.037399	22.212784
9	-0.321658	22.218084
4	2.061055	22.223104
5	-0.314994	22.239630
6	3.870333	22.244927
7	-0.597704	22.250236
8	2.039683	22.255228
9	-0.309260	22.260540
4	2.063644	22.265841
5	-0.303285	22.282416
6	3.876453	22.287416
7	-0.574372	22.292713
8	2.042623	22.298038
9	-0.297837	22.303033
4	2.064519	22.308330
5	-0.289266	22.324886
6	3.878783	22.329894
7	-0.545712	22.335174
8	2.045408	22.340431
9	-0.285680	22.345715
4	2.066734	22.351000
5	-0.276508	22.367475
6	3.882621	22.372759
7	-0.524652	22.378020
8	2.047210	22.383300
9	-0.271182	22.388565
4	2.069910	22.393557
5	-0.264919	22.410221
6	3.888379	22.415205
7	-0.500867	22.420470
8	2.048889	22.425727
9	-0.259075	22.431011
4	2.072559	22.436308
5	-0.252850	22.452766
6	3.890575	22.458039
7	-0.477097	22.463296
8	2.050126	22.468548
9	-0.247481	22.473820
4	2.073453	22.479089
5	-0.238063	22.495452
6	3.895794	22.500688
7	-0.448873	22.505957
8	2.053233	22.511258
9	-0.234771	22.516538
4	2.075394	22.521806
5	-0.226398	22.538178
6	3.899702	22.543442
7	-0.428391	22.548718
8	2.055505	22.554007
9	-0.220487	22.559263
4	2.077592	22.564536
5	-0.214522	22.580966
6	3.903912	22.586239
7	-0.405099	22.591536
8	2.057460	22.596772
9	-0.208721	22.602013
4	2.079139	22.606977
5	-0.202010	22.623656
6	3.902975	22.628929
7	-0.377607	22.634180
8	2.058194	22.639481
9	-0.196478	22.644746
4	2.081354	22.649722
5	-0.187264	22.666229
6	3.907851	22.671525
7	-0.352709	22.676834
8	2.059596	22.681826
9	-0.182576	22.687114
4	2.082990	22.692351
5	-0.176058	22.708834
6	3.913687	22.714143
7	-0.331159	22.719142
8	2.061928	22.724423
9	-0.170028	22.729697
4	2.084587	22.734992
5	-0.163899	22.751435
6	3.916315	22.756712
7	-0.308025	22.761984
8	2.064000	22.767249
9	-0.158002	22.772509
4	2.084988	22.777470
5	-0.150781	22.794165
6	3.916810	22.799144
7	-0.280347	22.804425
8	2.064569	22.809690
9	-0.145695	22.814970
4	2.087098	22.820243
5	-0.136642	22.836658
6	3.919016	22.841914
7	-0.255892	22.847187
8	2.065266	22.852459
9	-0.131235	22.857712
4	2.088905	22.862672
5	-0.125337	22.879340
6	3.923033	22.884592
7	-0.234585	22.889881
8	2.066777	22.895170
9	-0.119009	22.900174
4	2.090390	22.905475
5	-0.113156	22.921849
6	3.926407	22.927125
7	-0.210998	22.932386
8	2.068952	22.937662
9	-0.107186	22.942939
4	2.090238	22.947908
5	-0.099552	22.964622
6	3.925689	22.969578
7	-0.182955	22.974871
8	2.070153	22.980163
9	-0.094581	22.985479
4	2.091799	22.990504
5	-0.085790	23.007086
6	3.927458	23.012375
7	-0.158529	23.017360
8	2.070163	23.022696
9	-0.080001	23.027992
4	2.093640	23.033281
5	-0.074399	23.049748
6	3.930589	23.055040
7	-0.136023	23.060053
8	2.071076	23.065373
9	-0.067883	23.070674
4	2.094694	23.075667
5	-0.062027	23.092154
6	3.933683	23.097466
7	-0.113254	23.102774
8	2.072337	23.107803
9	-0.055912	23.113076
4	2.093983	23.118372
5	-0.047779	23.134939
6	3.933953	23.139991
7	-0.085371	23.145316
8	2.073908	23.150328
9	-0.043519	23.155641
4	2.095156	23.160957
5	-0.034783	23.177448
6	3.935147	23.182781
7	-0.061851	23.187756
8	2.074147	23.193041
9	-0.029030	23.198342
4	2.096575	23.203610
5	-0.023549	23.220090
6	3.935979	23.225374
7	-0.038967	23.230390
8	2.074214	23.235702
9	-0.016806	23.240983
4	2.097767	23.246280
5	-0.011311	23.262783
6	3.938120	23.267782
7	-0.016248	23.273068
8	2.074597	23.278360
9	-0.004792	23.283644
4	-0.001087	23.288664
5	-0.000262	23.305159
6	0.004818	23.310515
7	-0.001993	23.315588
8	0.006516	23.320948
9	0.000417	23.325997
4	0.011537	23.331366
5	0.002377	23.347756
6	0.028920	23.353100
7	0.003617	23.358129
8	0.017450	23.363465
9	0.004933	23.368505
4	0.024118	23.373850
5	0.007799	23.390168
6	0.050919	23.395489
7	0.015998	23.400809
8	0.029178	23.405850
9	0.012643	23.411167
4	0.033267	23.416503
5	0.016191	23.432841
6	0.065773	23.438186
7	0.033882	23.443531
8	0.036612	23.448575
9	0.021708	23.453924
4	0.039036	23.458967
5	0.028942	23.475583
6	0.076242	23.480607
7	0.058622	23.485940
8	0.042028	23.491284
9	0.033488	23.496329
4	0.043781	23.501665
5	0.040612	23.517975
6	0.083807	23.523336
7	0.080950	23.528702
8	0.045042	23.533802
9	0.047019	23.538858
4	0.045817	23.544239
5	0.052371	23.560657
6	0.086598	23.566009
7	0.102780	23.571378
8	0.045879	23.576446
9	0.059376	23.581803
4	0.045106	23.586839
5	0.064297	23.603238
6	0.082755	23.608627
7	0.128174	23.613679
8	0.043592	23.619055
9	0.071166	23.624080
4	0.042408	23.629409
5	0.079086	23.645723
6	0.077868	23.651048
7	0.154965	23.656376
8	0.040519	23.661413
9	0.083993	23.666733
4	0.037351	23.672057
5	0.090041	23.688416
6	0.067756	23.693764
7	0.174329	23.699129
8	0.035386	23.704181
9	0.095892	23.709529
4	0.030937	23.714522
5	0.100141	23.731004
6	0.055971	23.736297
7	0.194354	23.741593
8	0.027366	23.746890
9	0.106125	23.751875
4	0.023439	23.757179
5	0.110135	23.773726
6	0.040481	23.778742
7	0.214131	23.784055
8	0.018885	23.789380
9	0.115058	23.794379
4	0.015020	23.799720
5	0.120723	23.816251
6	0.024683	23.821266
7	0.232766	23.826583
8	0.010617	23.831880
9	0.124514	23.837164
4	0.003831	23.842465
5	0.127690	23.858992
6	0.003262	23.864024
7	0.245814	23.869365
8	0.000944	23.874389
9	0.131803	23.879742
4	-0.006495	23.884790
5	0.134077	23.901288
6	-0.016341	23.906577
7	0.257461	23.911586
8	-0.011537	23.916894
9	0.137711	23.922243
4	-0.017745	23.927528
5	0.139952	23.943789
6	-0.037718	23.949118
7	0.269260	23.954463
8	-0.022604	23.959476
9	0.142546	23.964776
4	-0.028923	23.970096
5	0.145278	23.986559
6	-0.058081	23.991571
7	0.277891	23.996876
8	-0.033698	24.002221
9	0.146978	24.007513
4	-0.042837	24.012502
5	0.147710	24.029009
6	-0.086179	24.034333
7	0.281870	24.039337
8	-0.045674	24.044698
9	0.149601	24.049994
4	-0.054851	24.055287
5	0.150180	24.071810
6	-0.106437	24.076806
7	0.285389	24.082107
8	-0.060349	24.087399
9	0.151441	24.092395
4	-0.067134	24.097708
5	0.151355	24.114214
6	-0.129752	24.119238
7	0.287609	24.124571
8	-0.072250	24.129876
9	0.152252	24.134888
4	-0.079157	24.140209
5	0.151906	24.156764
6	-0.152524	24.161780
7	0.288527	24.167089
8	-0.083556	24.172401
9	0.151718	24.177417
4	-0.093701	24.182762
5	0.150473	24.199032
6	-0.180361	24.204349
7	0.284367	24.209646
8	-0.095665	24.214914
9	0.150309	24.219882
4	-0.105641	24.225126
5	0.148866	24.241806
6	-0.201640	24.246762
7	0.281141	24.252034
8	-0.110583	24.257315
9	0.147867	24.262588
4	-0.118158	24.267840
5	0.146141	24.284291
6	-0.224786	24.289556
7	0.274978	24.294804
8	-0.121634	24.300077
9	0.144975	24.305329
4	-0.129371	24.310598
5	0.142269	24.327008
6	-0.247068	24.332320
7	0.267661	24.337325
8	-0.132976	24.342642
9	0.139856	24.347930
4	-0.143216	24.353230
5	0.137303	24.369693
6	-0.271378	24.374974
7	0.258782	24.379942
8	-0.144701	24.385239
9	0.135269	24.390484
4	-0.153844	24.395764
5	0.132699	24.412195
6	-0.291755	24.417471
7	0.248907	24.422740
8	-0.157535	24.428020
9	0.130124	24.433273
4	-0.165243	24.438565
5	0.125833	24.454948
6	-0.311990	24.460221
7	0.234783	24.465497
8	-0.167522	24.470770
9	0.124095	24.476054
4	-0.175476	24.481315
5	0.118973	24.497726
6	-0.333481	24.502986
7	0.221524	24.508251
8	-0.177581	24.513547
9	0.115080	24.518828
4	-0.187278	24.523816
5	0.111764	24.540331
6	-0.352614	24.545636
7	0.208218	24.550924
8	-0.188458	24.555924
9	0.108089	24.561237
4	-0.196390	24.566530
5	0.104315	24.582937
6	-0.369780	24.588205
7	0.193627	24.593494
8	-0.198448	24.598473
9	0.100203	24.603734
4	-0.205529	24.609002
5	0.094264	24.625465
6	-0.386200	24.630494
7	0.174053	24.635831
8	-0.206707	24.641155
9	0.091875	24.646172
4	-0.214157	24.651531
5	0.085530	24.668087
6	-0.404284	24.673083
7	0.155683	24.678379
8	-0.214713	24.683704
9	0.080349	24.688724
4	-0.223334	24.694025
5	0.075753	24.710516
6	-0.418630	24.715828
7	0.139217	24.721124
8	-0.223460	24.726138
9	0.070965	24.731461
4	-0.230491	24.736470
5	0.066330	24.752944
6	-0.432921	24.758249
7	0.119774	24.763561
8	-0.231202	24.768858
9	0.061293	24.773875
4	-0.237701	24.779212
5	0.054505	24.795766
6	-0.444527	24.800770
7	0.096025	24.806070
8	-0.237365	24.811355
9	0.050735	24.816659
4	-0.244145	24.821676
5	0.043764	24.838227
6	-0.458801	24.843519
7	0.074971	24.848811
8	-0.243173	24.853836
9	0.037701	24.859140
4	-0.250285	24.864432
5	0.033040	24.880960
6	-0.467706	24.885964
7	0.055628	24.891277
8	-0.249219	24.896573
9	0.027153	24.901561
4	-0.255382	24.906846
5	0.021937	24.923357
6	-0.478432	24.928670
7	0.033469	24.933678
8	-0.254464	24.938982
9	0.016184	24.944306
4	-0.260131	24.949351
5	0.008664	24.965890
6	-0.486412	24.971191
7	0.008798	24.976199
8	-0.258370	24.981508
9	0.003998	24.986820
4	-0.264368	24.991837
5	-0.002851	25.008424
6	-0.494402	25.013452
7	-0.014961	25.018753
8	-0.261927	25.024057
9	-0.009754	25.029345
4	-0.267963	25.034330
5	-0.014780	25.050832
6	-0.499785	25.056133
7	-0.036454	25.061430
8	-0.265384	25.066718
9	-0.021241	25.071710
4	-0.270636	25.077027
5	-0.026476	25.093562
6	-0.505593	25.098582
7	-0.061114	25.103899
8	-0.268335	25.109203
9	-0.032885	25.114484
4	-0.273070	25.119488
5	-0.040421	25.136027
6	-0.508876	25.141332
7	-0.085976	25.146339
8	-0.269921	25.151688
9	-0.045795	25.156701
4	-0.274646	25.162045
5	-0.053022	25.178563
6	-0.511880	25.183580
7	-0.110796	25.188869
8	-0.271411	25.194157
9	-0.059857	25.199462
4	-0.275552	25.204454
5	-0.065053	25.221241
6	-0.512979	25.226245
7	-0.132916	25.231542
8	-0.271993	25.236867
9	-0.071807	25.241855
4	-0.276308	25.247155
5	-0.077324	25.263630
6	-0.515285	25.268923
7	-0.157824	25.274211
8	-0.272515	25.279211
9	-0.083957	25.284512
4	-0.276089	25.289800
5	-0.091665	25.306391
6	-0.514043	25.311415
7	-0.182693	25.316712
8	-0.271983	25.321997
9	-0.097759	25.327273
4	-0.275099	25.332538
5	-0.104222	25.348949
6	-0.512250	25.354237
7	-0.207036	25.359518
8	-0.270968	25.364473
9	-0.111175	25.369767
4	-0.273595	25.375043
5	-0.116110	25.391506
6	-0.508134	25.396791
7	-0.230477	25.402075
8	-0.268998	25.407035
9	-0.122967	25.412316
4	-0.272424	25.417575
5	-0.128570	25.434011
6	-0.506170	25.439284
7	-0.256624	25.444588
8	-0.267429	25.449601
9	-0.134745	25.454890
4	-0.269945	25.460126
5	-0.142038	25.476608
6	-0.501635	25.481882
7	-0.280016	25.487145
8	-0.264754	25.492426
9	-0.149062	25.497707
4	-0.266559	25.502971
5	-0.154665	25.519382
6	-0.494714	25.524646
7	-0.303652	25.529915
8	-0.261891	25.534927
9	-0.161264	25.540192
4	-0.262516	25.545448
5	-0.165894	25.561872
6	-0.487468	25.567131
7	-0.325658	25.572416
8	-0.257599	25.577673
9	-0.172741	25.582930
4	-0.259516	25.588190
5	-0.178814	25.604685
6	-0.481687	25.609957
7	-0.351813	25.614969
8	-0.253472	25.620270
9	-0.183892	25.625558
4	-0.255108	25.630550
5	-0.190821	25.647082
6	-0.472052	25.652398
7	-0.373545	25.657691
8	-0.249009	25.662959
9	-0.198121	25.668219
4	-0.249076	25.673476
5	-0.202656	25.689851
6	-0.461128	25.695095
7	-0.394511	25.700392
8	-0.243659	25.705668
9	-0.208948	25.710937
4	-0.243387	25.715905
5	-0.213044	25.732625
6	-0.450714	25.737601
7	-0.415735	25.742881
8	-0.237799	25.748129
9	-0.219488	25.753390
4	-0.238638	25.758663
5	-0.225492	25.775054
6	-0.441067	25.780334
7	-0.440064	25.785643
8	-0.231953	25.790635
9	-0.229905	25.795907
4	-0.232318	25.801176
5	-0.236516	25.817643
6	-0.427775	25.822920
7	-0.460801	25.828180
8	-0.225794	25.833449
9	-0.243170	25.838705
4	-0.224330	25.843966
5	-0.246880	25.860384
6	-0.413761	25.865653
7	-0.479267	25.870926
8	-0.217636	25.876218
9	-0.252953	25.881170
4	-0.217173	25.886467
5	-0.256662	25.902894
6	-0.401459	25.908170
7	-0.498755	25.913439
8	-0.211046	25.918711
9	-0.262673	25.923984
4	-0.210280	25.929256
5	-0.268283	25.945639
6	-0.388210	25.950920
7	-0.519128	25.956188
8	-0.203333	25.961469
9	-0.272348	25.966721
4	-0.202076	25.971709
5	-0.277865	25.988132
6	-0.370069	25.993445
7	-0.538488	25.998729
8	-0.195544	26.004014
9	-0.284081	26.009338
4	-0.192778	26.014339
5	-0.286977	26.030849
6	-0.353692	26.036159
7	-0.555601	26.041450
8	-0.185483	26.046756
9	-0.292182	26.051768
4	-0.184450	26.057088
5	-0.295599	26.073583
6	-0.339668	26.078832
7	-0.573936	26.083808
8	-0.177748	26.089069
9	-0.301006	26.094317
4	-0.176222	26.099590
5	-0.305309	26.116044
6	-0.324023	26.121313
7	-0.590792	26.126602
8	-0.168829	26.131886
9	-0.310030	26.137146
4	-0.165496	26.142415
5	-0.313904	26.158866
6	-0.303524	26.164139
7	-0.607891	26.169415
8	-0.159729	26.174383
9	-0.318890	26.179648
4	-0.155280	26.184917
5	-0.321541	26.201308
6	-0.284381	26.206603
7	-0.621581	26.211840
8	-0.147963	26.217099
9	-0.326321	26.222357
4	-0.146327	26.227633
5	-0.329046	26.244112
6	-0.268300	26.249105
7	-0.637572	26.254401
8	-0.138679	26.259706
9	-0.333667	26.264966
4	-0.136514	26.270255
5	-0.337203	26.286633
6	-0.249794	26.291906
7	-0.651500	26.297174
8	-0.129101	26.302471
9	-0.342147	26.307744
4	-0.124168	26.313004
5	-0.344644	26.329391
6	-0.226696	26.334648
7	-0.664923	26.339924
8	-0.118618	26.345204
9	-0.348616	26.350497
4	-0.113509	26.355774
5	-0.350521	26.372221
6	-0.206275	26.377509
7	-0.676515	26.382497
8	-0.106540	26.387757
9	-0.354726	26.393022
4	-0.103807	26.398295
5	-0.357196	26.414718
6	-0.187359	26.419998
7	-0.690060	26.425281
8	-0.095959	26.430575
9	-0.360243	26.435579
4	-0.092661	26.440903
5	-0.362740	26.457498
6	-0.166569	26.462559
7	-0.700760	26.467900
8	-0.085380	26.472940
9	-0.367401	26.478268
4	-0.079472	26.483617
5	-0.368509	26.499908
6	-0.142658	26.505248
7	-0.710325	26.510576
8	-0.073183	26.515620
9	-0.372093	26.520953
4	-0.067933	26.526005
5	-0.373285	26.542632
6	-0.121458	26.547661
7	-0.719497	26.553013
8	-0.061069	26.558066
9	-0.376570	26.563394
4	-0.057647	26.568739
5	-0.378349	26.585058
6	-0.102451	26.590381
7	-0.728882	26.595710
8	-0.049937	26.600743
9	-0.380800	26.606107
4	-0.045679	26.611191
5	-0.382259	26.627799
6	-0.077989	26.632818
7	-0.737453	26.638147
8	-0.038488	26.643484
9	-0.386052	26.648512
4	-0.031672	26.653845
5	-0.386238	26.670148
6	-0.053692	26.675508
7	-0.743423	26.680804
8	-0.025299	26.685805
9	-0.389037	26.691121
4	-0.019956	26.696425
5	-0.389190	26.712929
6	-0.031989	26.717937
7	-0.749588	26.723242
8	-0.013227	26.728562
9	-0.392070	26.733594
4	-0.008962	26.738891
5	-0.392654	26.755413
6	-0.010526	26.760417
7	-0.755336	26.765750
8	-0.001347	26.771058
9	-0.394566	26.776087
4	0.003498	26.781387
5	-0.395115	26.797874
6	0.015326	26.803183
7	-0.760739	26.808167
8	0.010302	26.813488
9	-0.398035	26.818793
4	0.017848	26.824085
5	-0.397425	26.840564
6	0.039613	26.845583
7	-0.764389	26.850952
8	0.024965	26.856289
9	-0.399609	26.861304
4	0.029819	26.866622
5	-0.399001	26.883164
6	0.061328	26.888172
7	-0.766621	26.893485
8	0.036840	26.898773
9	-0.401108	26.904057
4	0.041420	26.909346
5	-0.400379	26.925862
6	0.082636	26.930857
7	-0.768480	26.936146
8	0.048549	26.941439
9	-0.402000	26.946751
4	0.054669	26.951764
5	-0.401194	26.968335
6	0.110500	26.973607
7	-0.771172	26.978604
8	0.060515	26.983900
9	-0.403390	26.989200
4	0.068648	26.994505
5	-0.402012	27.011028
6	0.134511	27.016040
7	-0.771129	27.021337
8	0.075665	27.026645
9	-0.403195	27.031645
4	0.080876	27.036941
5	-0.401936	27.053449
6	0.155282	27.058753
7	-0.771842	27.063773
8	0.086916	27.069102
9	-0.403438	27.074115
4	0.092149	27.079463
5	-0.401406	27.095934
6	0.177550	27.101218
7	-0.770812	27.106203
8	0.099375	27.111459
9	-0.402529	27.116696
4	0.105751	27.121960
5	-0.400996	27.138411
6	0.205653	27.143687
7	-0.770037	27.148956
8	0.111017	27.154213
9	-0.402153	27.159481
4	0.119827	27.164746
5	-0.400112	27.181113
6	0.229337	27.186361
7	-0.768130	27.191633
8	0.126371	27.196890
9	-0.400908	27.202155
4	0.131481	27.207428
5	-0.398588	27.223910
6	0.249157	27.229202
7	-0.763455	27.234195
8	0.137401	27.239508
9	-0.399349	27.244848
4	0.143149	27.249820
5	-0.396168	27.266527
6	0.272303	27.271776
7	-0.758884	27.276756
8	0.149190	27.282057
9	-0.396891	27.287313
4	0.157642	27.292593
5	-0.394628	27.308973
6	0.300214	27.314249
7	-0.756607	27.319529
8	0.160992	27.324807
9	-0.394738	27.329768
4	0.170150	27.335027
5	-0.392020	27.351450
6	0.323320	27.356719
7	-0.751114	27.361999
8	0.175383	27.367280
9	-0.391982	27.372540
4	0.181055	27.377804
5	-0.388839	27.394319
6	0.343573	27.399292
7	-0.744639	27.404592
8	0.186808	27.409889
9	-0.388970	27.415185
4	0.192788	27.420218
5	-0.384801	27.436736
6	0.365641	27.442053
7	-0.737488	27.447033
8	0.197814	27.452342
9	-0.385065	27.457642
4	0.207150	27.462943
5	-0.381773	27.479409
6	0.392523	27.484429
7	-0.731549	27.489751
8	0.209901	27.495035
9	-0.380948	27.500327
4	0.219209	27.505608
5	-0.377975	27.522119
6	0.415003	27.527119
7	-0.722926	27.532424
8	0.223525	27.537736
9	-0.377193	27.543037
4	0.229795	27.548049
5	-0.373132	27.564608
6	0.434275	27.569932
7	-0.712717	27.574928
8	0.234876	27.580225
9	-0.372884	27.585538
4	0.240877	27.590842
5	-0.367642	27.607369
6	0.456438	27.612361
7	-0.703750	27.617658
8	0.245378	27.622955
9	-0.367036	27.628267
4	0.254703	27.633271
5	-0.363474	27.649818
6	0.481291	27.655099
7	-0.694492	27.660375
8	0.257528	27.665644
9	-0.361765	27.670896
4	0.265982	27.676169
5	-0.358210	27.692576
6	0.501804	27.697856
7	-0.683632	27.703137
8	0.269458	27.708417
9	-0.356667	27.713678
4	0.275836	27.718962
5	-0.351167	27.735429
6	0.520563	27.740754
7	-0.670815	27.745762
8	0.279777	27.751046
9	-0.350480	27.756311
4	0.287302	27.761587
5	-0.345268	27.778002
6	0.543976	27.783282
7	-0.660179	27.788556
8	0.290320	27.793515
9	-0.343771	27.798776
4	0.299745	27.804045
5	-0.339313	27.820427
6	0.565429	27.825687
7	-0.647960	27.830972
8	0.302751	27.836241
9	-0.337081	27.841521
4	0.310397	27.846478
5	-0.332825	27.862889
6	0.583992	27.868166
7	-0.634825	27.873446
8	0.313101	27.878706
9	-0.330796	27.883710
4	0.319634	27.889011
5	-0.324643	27.905418
6	0.601859	27.910687
7	-0.617933	27.915963
8	0.323432	27.921267
9	-0.323346	27.926580
4	0.330505	27.931852
5	-0.317445	27.948272
6	0.625563	27.953544
7	-0.605312	27.958832
8	0.332723	27.963797
9	-0.315323	27.969069
4	0.341859	27.974334
5	-0.310597	27.990741
6	0.644396	27.996021
7	-0.591524	28.001298
8	0.344470	28.006582
9	-0.307674	28.011851
4	0.351405	28.016827
5	-0.302961	28.033273
6	0.660596	28.038550
7	-0.575569	28.043823
8	0.353146	28.049083
9	-0.300188	28.054336
4	0.359972	28.059605
5	-0.293069	28.076035
6	0.678325	28.081356
7	-0.557699	28.086352
8	0.362148	28.091644
9	-0.290911	28.096957
4	0.370698	28.102249
5	-0.285268	28.118732
6	0.699437	28.124065
7	-0.543094	28.129097
8	0.371416	28.134418
9	-0.282123	28.139755
4	0.380542	28.144763
5	-0.277267	28.161309
6	0.716117	28.166602
7	-0.527206	28.171598
8	0.382500	28.176907
9	-0.273881	28.182176
4	0.388999	28.187444
5	-0.268238	28.203858
6	0.730279	28.209132
7	-0.507305	28.214400
8	0.390234	28.219669
9	-0.264940	28.224925
4	0.397172	28.230201
5	-0.257576	28.246596
6	0.746813	28.251877
7	-0.489297	28.257145
8	0.398245	28.262410
9	-0.254235	28.267678
4	0.407126	28.272955
5	-0.248909	28.289342
6	0.765617	28.294614
7	-0.473001	28.299891
8	0.406454	28.305175
9	-0.245054	28.310427
4	0.415428	28.315700
5	-0.239518	28.332139
6	0.781887	28.337403
7	-0.454743	28.342696
8	0.415740	28.348021
9	-0.235696	28.353041
4	0.422216	28.358354
5	-0.228829	28.374716
6	0.793586	28.380000
7	-0.432613	28.385265
8	0.423024	28.390526
9	-0.226169	28.395799
4	0.429955	28.401075
5	-0.217803	28.417470
6	0.808914	28.422722
7	-0.413308	28.427984
8	0.429916	28.433247
9	-0.214415	28.438516
4	0.438678	28.443776
5	-0.208864	28.460227
6	0.824020	28.465492
7	-0.395820	28.470761
8	0.438428	28.476033
9	-0.204144	28.481321
4	0.446031	28.486614
5	-0.198541	28.503025
6	0.836687	28.508301
7	-0.375409	28.513554
8	0.444844	28.518818
9	-0.194781	28.524131
4	0.451884	28.529127
5	-0.186462	28.545646
6	0.848685	28.550938
7	-0.350902	28.555967
8	0.451863	28.561280
9	-0.183318	28.566592
4	0.458922	28.571852
5	-0.175612	28.588235
6	0.862994	28.593532
7	-0.332420	28.598796
8	0.457728	28.603784
9	-0.171673	28.609037
4	0.465872	28.614321
5	-0.165758	28.630788
6	0.874536	28.636113
7	-0.312190	28.641109
8	0.465286	28.646425
9	-0.160713	28.651727
4	0.471819	28.656986
5	-0.154903	28.673357
6	0.884793	28.678638
7	-0.290194	28.683910
8	0.470102	28.689171
9	-0.150189	28.694444
4	0.476821	28.699720
5	-0.141394	28.716095
6	0.895105	28.721408
7	-0.265546	28.726708
8	0.475731	28.731969
9	-0.137253	28.736917
4	0.483046	28.742182
5	-0.130703	28.758897
6	0.906329	28.763901
7	-0.246031	28.769166
8	0.480802	28.774434
9	-0.125632	28.779699
4	0.488312	28.784956
5	-0.120077	28.801334
6	0.917497	28.806647
7	-0.224631	28.811959
8	0.486910	28.816968
9	-0.114651	28.822236
4	0.492876	28.827509
5	-0.108280	28.843908
6	0.923732	28.849172
7	-0.199137	28.854440
8	0.490768	28.859709
9	-0.103052	28.864986
4	0.497165	28.870258
5	-0.094399	28.886681
6	0.932684	28.891985
7	-0.174413	28.897006
8	0.495048	28.902339
9	-0.089459	28.907671
4	0.502019	28.912704
5	-0.083601	28.929243
6	0.941937	28.934559
7	-0.154853	28.939568
8	0.498946	28.944853
9	-0.077968	28.950145
4	0.506151	28.955461
5	-0.071859	28.971976
6	0.949764	28.976984
7	-0.133274	28.982281
8	0.503624	28.987593
9	-0.066128	28.992902
4	0.509031	28.997902
5	-0.059109	29.014381
6	0.954004	29.019673
7	-0.106897	29.024987
8	0.506477	29.030271
9	-0.054557	29.035275
4	0.512385	29.040575
5	-0.045247	29.056906
6	0.960965	29.062262
7	-0.082619	29.067288
