4	0.002000	0.000000
5	0.000029	0.000000
6	0.007701	0.005373
7	0.000422	0.010433
8	0.008914	0.015813
9	0.000987	0.021170
4	0.014119	0.026251
5	0.003209	0.042621
6	0.029862	0.047974
7	0.009871	0.053310
8	0.019445	0.058375
9	0.005884	0.063711
4	0.025382	0.068764
5	0.009778	0.085346
6	0.051918	0.090411
7	0.023451	0.095768
8	0.029511	0.100776
9	0.014911	0.106124
4	0.034652	0.111465
5	0.018978	0.127807
6	0.067697	0.133144
7	0.041106	0.138493
8	0.038493	0.143533
9	0.023818	0.148881
4	0.040717	0.153910
5	0.028958	0.170573
6	0.077877	0.175601
7	0.064046	0.180957
8	0.043097	0.186026
9	0.035191	0.191355
4	0.044804	0.196387
5	0.042973	0.212809
6	0.083435	0.218186
7	0.089464	0.223275
8	0.045195	0.228659
9	0.049682	0.234031
4	0.045335	0.239108
5	0.055270	0.255570
6	0.084364	0.260659
7	0.111883	0.266039
8	0.045762	0.271427
9	0.062733	0.276476
4	0.044513	0.281848
5	0.067439	0.298295
6	0.081537	0.303363
7	0.134993	0.308711
8	0.043235	0.313755
9	0.073481	0.319100
4	0.041442	0.324112
5	0.079634	0.340724
6	0.076313	0.346060
7	0.160458	0.351121
8	0.039668	0.356469
9	0.085356	0.361500
4	0.037253	0.366870
5	0.092368	0.383288
6	0.065689	0.388633
7	0.183182	0.393701
8	0.033689	0.399029
9	0.098639	0.404342
4	0.029085	0.409338
5	0.102778	0.425849
6	0.050471	0.431145
7	0.202930	0.436470
8	0.027103	0.441462
9	0.108733	0.446778
4	0.021546	0.452075
5	0.112126	0.468382
6	0.036066	0.473694
7	0.218940	0.479014
8	0.017371	0.484035
9	0.116789	0.489367
4	0.012906	0.494668
5	0.120828	0.511179
6	0.020490	0.516220
7	0.238662	0.521513
8	0.008576	0.526837
9	0.125029	0.531829
4	0.003521	0.537149
5	0.129361	0.553715
6	0.000868	0.558755
7	0.251911	0.564080
8	-0.001667	0.569121
9	0.133584	0.574470
4	-0.009358	0.579770
5	0.135729	0.596277
6	-0.022404	0.601290
7	0.263608	0.606630
8	-0.012379	0.611942
9	0.139592	0.616959
4	-0.020180	0.622312
5	0.140832	0.638667
6	-0.043406	0.643979
7	0.272729	0.649323
8	-0.025265	0.654335
9	0.143321	0.659640
4	-0.031369	0.664916
5	0.145381	0.681416
6	-0.063229	0.686725
7	0.282025	0.691753
8	-0.036364	0.697061
9	0.147121	0.702370
4	-0.042946	0.707386
5	0.148783	0.723905
6	-0.088701	0.729257
7	0.286477	0.734313
8	-0.048349	0.739618
9	0.150476	0.744915
4	-0.057764	0.750215
5	0.150871	0.766762
6	-0.114243	0.771774
7	0.290673	0.777063
8	-0.061572	0.782383
9	0.151820	0.787391
4	-0.069828	0.792719
5	0.151415	0.809298
6	-0.136783	0.814323
7	0.290413	0.819644
8	-0.074623	0.824660
9	0.151854	0.829984
4	-0.081925	0.835304
5	0.151207	0.851900
6	-0.158417	0.856896
7	0.290635	0.862209
8	-0.086586	0.867529
9	0.151560	0.872569
4	-0.094297	0.877902
5	0.150585	0.894489
6	-0.184996	0.899473
7	0.288448	0.904738
8	-0.098684	0.910023
9	0.149851	0.915303
4	-0.108876	0.920583
5	0.148792	0.936995
6	-0.209231	0.942263
7	0.284650	0.947560
8	-0.112212	0.952528
9	0.147474	0.957805
4	-0.120318	0.963081
5	0.145342	0.979500
6	-0.231144	0.984765
7	0.276682	0.990029
8	-0.124602	0.995309
9	0.144303	1.000570
4	-0.131376	1.005834
5	0.140998	1.022332
6	-0.251072	1.027353
7	0.268579	1.032658
8	-0.135596	1.037970
9	0.139961	1.043271
4	-0.144405	1.048268
5	0.136681	1.064719
6	-0.278075	1.070024
7	0.260668	1.075283
8	-0.146802	1.080268
9	0.134444	1.085544
4	-0.156753	1.090833
5	0.131657	1.107281
6	-0.298903	1.112565
7	0.250497	1.117845
8	-0.159652	1.122834
9	0.128365	1.128094
4	-0.167091	1.133370
5	0.125170	1.149826
6	-0.317524	1.155090
7	0.237348	1.160386
8	-0.169807	1.165683
9	0.122385	1.170683
4	-0.177009	1.175960
5	0.117378	1.192411
6	-0.335779	1.197715
7	0.222426	1.202988
8	-0.179706	1.208284
9	0.114934	1.213301
4	-0.188787	1.218618
5	0.110261	1.235172
6	-0.358207	1.240181
7	0.208261	1.245493
8	-0.189230	1.250814
9	0.106421	1.255810
4	-0.198779	1.261115
5	0.102949	1.277549
6	-0.376000	1.282842
7	0.193749	1.288127
8	-0.200167	1.293398
9	0.098207	1.298370
4	-0.207458	1.303655
5	0.093794	1.320222
6	-0.391483	1.325242
7	0.174489	1.330582
8	-0.208666	1.335951
9	0.089848	1.341012
4	-0.215070	1.346337
5	0.083351	1.362863
6	-0.406430	1.367895
7	0.156343	1.373228
8	-0.216494	1.378561
9	0.079184	1.383569
4	-0.224836	1.388882
5	0.074179	1.405421
6	-0.424657	1.410409
7	0.138972	1.415702
8	-0.223751	1.421046
9	0.069127	1.426043
4	-0.232492	1.431368
5	0.064549	1.447930
6	-0.438213	1.452926
7	0.119431	1.458243
8	-0.232532	1.463575
9	0.058849	1.468612
4	-0.238681	1.473956
5	0.053406	1.490515
6	-0.449278	1.495519
7	0.096397	1.500835
8	-0.238464	1.506172
9	0.048730	1.511189
4	-0.244579	1.516513
5	0.041585	1.533060
6	-0.460312	1.538096
7	0.074635	1.543437
8	-0.244520	1.548733
9	0.036099	1.554038
4	-0.252070	1.559038
5	0.030816	1.575568
6	-0.473573	1.580885
7	0.054176	1.585917
8	-0.249698	1.591262
9	0.024993	1.596551
4	-0.256734	1.601879
5	0.019953	1.618406
6	-0.481813	1.623434
7	0.033405	1.628747
8	-0.255380	1.633795
9	0.013328	1.639128
4	-0.260999	1.644468
5	0.007041	1.660983
6	-0.489478	1.666004
7	0.006878	1.671308
8	-0.258904	1.676628
9	0.002291	1.681669
4	-0.264552	1.687001
5	-0.005581	1.703332
6	-0.497007	1.708636
7	-0.015085	1.713933
8	-0.262961	1.719245
9	-0.012052	1.724250
4	-0.269017	1.729551
5	-0.017259	1.746094
6	-0.504520	1.751114
7	-0.036557	1.756410
8	-0.265870	1.761703
9	-0.023708	1.767008
4	-0.271335	1.772000
5	-0.028825	1.788603
6	-0.508492	1.793935
7	-0.060613	1.798943
8	-0.268564	1.804252
9	-0.036044	1.809580
4	-0.273259	1.814568
5	-0.042832	1.831115
6	-0.511327	1.836443
7	-0.088072	1.841805
8	-0.270019	1.846833
9	-0.047839	1.852141
4	-0.274546	1.857462
5	-0.055680	1.874008
6	-0.515506	1.879009
7	-0.112000	1.884322
8	-0.271738	1.889634
9	-0.062697	1.894635
4	-0.276258	1.899951
5	-0.067561	1.916429
6	-0.516486	1.921755
7	-0.133612	1.926767
8	-0.272162	1.932067
9	-0.074351	1.937368
4	-0.276260	1.942364
5	-0.079870	1.959147
6	-0.516253	1.964468
7	-0.159109	1.969460
8	-0.272152	1.974752
9	-0.086615	1.980057
4	-0.275743	1.985088
5	-0.094006	2.001716
6	-0.515037	2.006724
7	-0.186429	2.012005
8	-0.271368	2.017269
9	-0.098946	2.022538
4	-0.275185	2.027814
5	-0.106709	2.044241
6	-0.514817	2.049522
7	-0.209320	2.054814
8	-0.270879	2.060078
9	-0.113494	2.065075
4	-0.273576	2.070355
5	-0.118527	2.086850
6	-0.510781	2.092118
7	-0.230832	2.097108
8	-0.268920	2.102384
9	-0.125356	2.107676
4	-0.271719	2.112933
5	-0.130532	2.129359
6	-0.507221	2.134668
7	-0.255549	2.139688
8	-0.266614	2.144977
9	-0.137451	2.150242
4	-0.269127	2.155514
5	-0.144773	2.171965
6	-0.501294	2.177217
7	-0.282798	2.182526
8	-0.263867	2.187790
9	-0.149426	2.192755
4	-0.266473	2.198032
5	-0.156872	2.214426
6	-0.496605	2.219727
7	-0.305076	2.224988
8	-0.261171	2.230273
9	-0.163457	2.235540
4	-0.262318	2.240848
5	-0.167832	2.257284
6	-0.488780	2.262552
7	-0.326285	2.267532
8	-0.256555	2.272825
9	-0.175135	2.278122
4	-0.258255	2.283426
5	-0.179837	2.299929
6	-0.480881	2.304957
7	-0.350597	2.310257
8	-0.252428	2.315582
9	-0.186181	2.320566
4	-0.253625	2.325903
5	-0.193656	2.342458
6	-0.471656	2.347442
7	-0.375192	2.352751
8	-0.247822	2.358016
9	-0.198269	2.363292
4	-0.248861	2.368572
5	-0.204630	2.384947
6	-0.461998	2.390244
7	-0.396702	2.395525
8	-0.243006	2.400509
9	-0.211334	2.405781
4	-0.242925	2.411090
5	-0.214999	2.427481
6	-0.451827	2.432777
7	-0.415592	2.438038
8	-0.236487	2.443022
9	-0.222168	2.448311
4	-0.237064	2.453600
5	-0.226770	2.470058
6	-0.440920	2.475363
7	-0.439661	2.480660
8	-0.230382	2.485963
9	-0.232449	2.490952
4	-0.230539	2.496257
5	-0.239070	2.512691
6	-0.428503	2.517972
7	-0.461152	2.523261
8	-0.224516	2.528558
9	-0.244224	2.533534
4	-0.223627	2.538798
5	-0.249143	2.555550
6	-0.413611	2.560521
7	-0.479746	2.565798
8	-0.217526	2.571095
9	-0.255060	2.576367
4	-0.216060	2.581635
5	-0.258536	2.598075
6	-0.400825	2.603359
7	-0.499046	2.608635
8	-0.209091	2.613640
9	-0.265243	2.618908
4	-0.208643	2.624201
5	-0.269194	2.640595
6	-0.386813	2.645880
7	-0.520129	2.651165
8	-0.201454	2.656125
9	-0.274038	2.661418
4	-0.200348	2.666714
5	-0.280035	2.683213
6	-0.372210	2.688206
7	-0.539360	2.693522
8	-0.194199	2.698835
9	-0.285041	2.703875
4	-0.191588	2.709167
5	-0.288985	2.725714
6	-0.355003	2.730719
7	-0.555737	2.736035
8	-0.185800	2.741352
9	-0.294256	2.746364
4	-0.182602	2.751669
5	-0.296905	2.768152
6	-0.337811	2.773429
7	-0.572066	2.778383
8	-0.175166	2.783665
9	-0.302949	2.788962
4	-0.173774	2.794238
5	-0.306540	2.810753
6	-0.321760	2.815717
7	-0.591402	2.820989
8	-0.166369	2.826266
9	-0.310984	2.831554
4	-0.164793	2.836819
5	-0.315700	2.853253
6	-0.304284	2.858555
7	-0.607748	2.863831
8	-0.157917	2.868810
9	-0.320613	2.874084
4	-0.154271	2.879336
5	-0.323217	2.895759
6	-0.284441	2.901015
7	-0.621789	2.906296
8	-0.148335	2.911580
9	-0.327833	2.916849
4	-0.143979	2.922137
5	-0.330169	2.938628
6	-0.265739	2.943628
7	-0.635970	2.948916
8	-0.136626	2.954226
9	-0.335569	2.959522
4	-0.134404	2.964794
5	-0.338614	2.981233
6	-0.247073	2.986482
7	-0.651989	2.991506
8	-0.126328	2.996806
9	-0.342021	3.002099
4	-0.123992	3.007372
5	-0.345702	3.023758
6	-0.227625	3.029036
7	-0.663912	3.034339
8	-0.116930	3.039640
9	-0.350103	3.044624
4	-0.111954	3.049885
5	-0.351803	3.066351
6	-0.204928	3.071628
7	-0.675266	3.076888
8	-0.105417	3.082189
9	-0.355895	3.087474
4	-0.101275	3.092442
5	-0.357683	3.109141
6	-0.185146	3.114149
7	-0.687363	3.119453
8	-0.093210	3.124790
9	-0.362005	3.129806
4	-0.090256	3.135119
5	-0.364354	3.151517
6	-0.164120	3.156857
7	-0.699389	3.162199
8	-0.082614	3.167239
9	-0.367029	3.172591
4	-0.079141	3.177615
5	-0.369444	3.194242
6	-0.142746	3.199263
7	-0.709679	3.204599
8	-0.072179	3.209947
9	-0.373254	3.215008
4	-0.066366	3.220336
5	-0.373993	3.236655
6	-0.118713	3.242040
7	-0.717158	3.247400
8	-0.059493	3.252440
9	-0.377262	3.257781
4	-0.054631	3.262806
5	-0.378571	3.279156
6	-0.098145	3.284501
7	-0.726946	3.289854
8	-0.046859	3.294930
9	-0.381935	3.300310
4	-0.043261	3.305322
5	-0.383360	3.321945
6	-0.076106	3.326965
7	-0.734663	3.332306
8	-0.035636	3.337357
9	-0.385709	3.342695
4	-0.031517	3.347719
5	-0.386798	3.364402
6	-0.052869	3.369406
7	-0.742366	3.374711
8	-0.024662	3.380047
9	-0.389671	3.385334
4	-0.017574	3.390352
5	-0.389836	3.406891
6	-0.028551	3.411903
7	-0.746238	3.417240
8	-0.011294	3.422553
9	-0.392614	3.427561
4	-0.005956	3.432874
5	-0.392857	3.449457
6	-0.006135	3.454477
7	-0.753682	3.459805
8	0.001485	3.464846
9	-0.395546	3.470166
4	0.005972	3.475459
5	-0.395851	3.491997
6	0.016499	3.497002
7	-0.758600	3.502327
8	0.013275	3.507627
9	-0.397716	3.512916
4	0.018198	3.517904
5	-0.397902	3.534483
6	0.040753	3.539543
7	-0.761078	3.544868
8	0.024560	3.550196
9	-0.399923	3.555225
4	0.032101	3.560574
5	-0.398998	3.577164
6	0.065079	3.582165
7	-0.763457	3.587465
8	0.038936	3.592774
9	-0.401189	3.597778
4	0.044398	3.603090
5	-0.400663	3.619669
6	0.087564	3.624677
7	-0.767446	3.629978
8	0.051322	3.635282
9	-0.402410	3.640603
4	0.056758	3.645639
5	-0.401690	3.662178
6	0.111322	3.667162
7	-0.767956	3.672466
8	0.063610	3.677807
9	-0.402966	3.682811
4	0.068634	3.688076
5	-0.402086	3.704663
6	0.135052	3.709671
7	-0.768380	3.714972
8	0.074980	3.720288
9	-0.403354	3.725581
4	0.082977	3.730582
5	-0.401816	3.747125
6	0.160000	3.752137
7	-0.767174	3.757462
8	0.089335	3.762810
9	-0.403152	3.767846
4	0.095305	3.773167
5	-0.401862	3.789621
6	0.182893	3.794893
7	-0.769115	3.800154
8	0.101831	3.805427
9	-0.403035	3.810407
4	0.107534	3.815672
5	-0.401015	3.832139
6	0.205512	3.837415
7	-0.765891	3.842676
8	0.113854	3.847944
9	-0.401881	3.852929
4	0.120039	3.858210
5	-0.399840	3.874589
6	0.231240	3.879865
7	-0.763717	3.885133
8	0.125458	3.890414
9	-0.400288	3.895665
4	0.133846	3.900951
5	-0.398040	3.917466
6	0.255246	3.922478
7	-0.759821	3.927819
8	0.139914	3.933171
9	-0.398715	3.938156
4	0.146022	3.943420
5	-0.396824	3.959811
6	0.276990	3.965064
7	-0.757914	3.970368
8	0.151982	3.975649
9	-0.396824	3.980945
4	0.158403	3.986218
5	-0.394077	4.002645
6	0.300200	4.007937
7	-0.752034	4.013214
8	0.163515	4.018486
9	-0.394294	4.023743
4	0.171309	4.029024
5	-0.391588	4.045486
6	0.325098	4.050778
7	-0.746598	4.056063
8	0.175014	4.061043
9	-0.391262	4.066337
4	0.184233	4.071664
5	-0.388155	4.088212
6	0.348551	4.093216
7	-0.740619	4.098520
8	0.189431	4.103841
9	-0.388327	4.108857
4	0.195594	4.114182
5	-0.385478	4.130724
6	0.369809	4.135717
7	-0.733130	4.141045
8	0.201047	4.146358
9	-0.384894	4.151362
4	0.207596	4.156654
5	-0.380914	4.173197
6	0.392361	4.178213
7	-0.725727	4.183526
8	0.211971	4.188834
9	-0.380385	4.193834
4	0.220401	4.199143
5	-0.376942	4.215666
6	0.417743	4.220670
7	-0.717943	4.225971
8	0.223215	4.231275
9	-0.376117	4.236619
4	0.232539	4.241620
5	-0.372264	4.258202
6	0.439196	4.263202
7	-0.709655	4.268495
8	0.237508	4.273815
9	-0.371893	4.278832
4	0.243654	4.284132
5	-0.368033	4.300683
6	0.459159	4.305700
7	-0.700402	4.310988
8	0.248392	4.316306
9	-0.366993	4.321306
4	0.255189	4.326586
5	-0.362060	4.343133
6	0.481377	4.348397
7	-0.688570	4.353366
8	0.258613	4.358646
9	-0.360859	4.363927
4	0.267248	4.369202
5	-0.356760	4.385662
6	0.505068	4.390942
7	-0.678389	4.396195
8	0.269740	4.401179
9	-0.355184	4.406432
4	0.278695	4.411684
5	-0.350919	4.428299
6	0.525248	4.433312
7	-0.667937	4.438580
8	0.282729	4.443848
9	-0.349829	4.449141
4	0.289395	4.454433
5	-0.345311	4.470876
6	0.544596	4.476161
7	-0.654442	4.481149
8	0.293078	4.486458
9	-0.343490	4.491762
4	0.300207	4.497042
5	-0.337844	4.513486
6	0.564575	4.518782
7	-0.641709	4.524058
8	0.302684	4.529043
9	-0.335827	4.534299
4	0.311797	4.539564
5	-0.331256	4.555987
6	0.587676	4.561291
7	-0.629010	4.566568
8	0.313082	4.571580
9	-0.328829	4.576881
4	0.322352	4.582193
5	-0.324583	4.598632
6	0.606403	4.603625
7	-0.615945	4.608925
8	0.325401	4.614225
9	-0.322771	4.619490
4	0.332232	4.624782
5	-0.317133	4.641225
6	0.625346	4.646509
7	-0.599291	4.651790
8	0.335164	4.656774
9	-0.315309	4.662034
4	0.342295	4.667299
5	-0.308807	4.683688
6	0.643356	4.688951
7	-0.584004	4.694211
8	0.343728	4.699488
9	-0.305841	4.704772
4	0.353282	4.709809
5	-0.301161	4.726523
6	0.663462	4.731500
7	-0.569284	4.736780
8	0.354064	4.742040
9	-0.298102	4.747325
4	0.362744	4.752602
5	-0.293307	4.769125
6	0.681970	4.774149
7	-0.555999	4.779457
8	0.364866	4.784795
9	-0.290716	4.789798
4	0.371494	4.795103
5	-0.284231	4.811674
6	0.698953	4.816710
7	-0.536165	4.822047
8	0.373583	4.827088
9	-0.282185	4.832412
4	0.380743	4.837761
5	-0.274983	4.854319
6	0.716126	4.859324
7	-0.519009	4.864629
8	0.381281	4.869905
9	-0.271497	4.875178
4	0.390525	4.880466
5	-0.266321	4.896925
6	0.734060	4.902205
7	-0.502820	4.907194
8	0.391352	4.912462
9	-0.262764	4.917771
4	0.399094	4.923088
5	-0.257926	4.939547
6	0.749908	4.944811
7	-0.487208	4.949799
8	0.400145	4.955080
9	-0.254674	4.960340
4	0.407443	4.965621
5	-0.247240	4.982051
6	0.765588	4.987336
7	-0.465305	4.992625
8	0.408440	4.997901
9	-0.244768	5.002881
4	0.415468	5.008138
5	-0.237358	5.024529
6	0.780957	5.029786
7	-0.446694	5.035130
8	0.415425	5.040190
9	-0.233512	5.045523
4	0.424368	5.050803
5	-0.227916	5.067226
6	0.796533	5.072490
7	-0.428395	5.077483
8	0.424638	5.082759
9	-0.223877	5.088040
4	0.431719	5.093332
5	-0.218723	5.109751
6	0.810590	5.115028
7	-0.410922	5.120304
8	0.431941	5.125568
9	-0.214696	5.130537
4	0.438972	5.135843
5	-0.206702	5.152268
6	0.824518	5.157521
7	-0.387766	5.162782
8	0.438955	5.168070
9	-0.203810	5.173379
4	0.445967	5.178362
5	-0.196419	5.195110
6	0.837858	5.200099
7	-0.368455	5.205419
8	0.444911	5.210739
9	-0.192006	5.215744
4	0.453434	5.221036
5	-0.185995	5.237583
6	0.850485	5.242627
7	-0.348470	5.247920
8	0.452929	5.253224
9	-0.181422	5.258492
4	0.459733	5.263481
5	-0.176313	5.279939
6	0.863102	5.285236
7	-0.328863	5.290537
8	0.459216	5.295497
9	-0.171523	5.300797
4	0.466125	5.306078
5	-0.163474	5.322657
6	0.874334	5.327661
7	-0.304306	5.332950
8	0.465267	5.338258
9	-0.159872	5.343259
4	0.471923	5.348504
5	-0.152335	5.364938
6	0.885594	5.370238
7	-0.283823	5.375499
8	0.470283	5.380788
9	-0.147295	5.386088
4	0.478084	5.391341
5	-0.141215	5.407832
6	0.896130	5.412828
7	-0.263217	5.418088
8	0.476840	5.423362
9	-0.136819	5.428622
4	0.483458	5.433910
5	-0.131097	5.450386
6	0.906315	5.455665
7	-0.240190	5.460921
8	0.481689	5.465902
9	-0.125659	5.471168
4	0.488801	5.476436
5	-0.117586	5.492887
6	0.916262	5.498227
7	-0.216465	5.503231
8	0.486562	5.508524
9	-0.112855	5.513793
4	0.493379	5.519077
5	-0.106266	5.535472
6	0.925594	5.540760
7	-0.194106	5.546024
8	0.490892	5.551005
9	-0.100594	5.556278
4	0.498037	5.561546
5	-0.094521	5.577984
6	0.933502	5.583326
7	-0.172088	5.588353
8	0.496197	5.593682
9	-0.089612	5.599047
4	0.502401	5.604040
5	-0.083277	5.620590
6	0.941046	5.625899
7	-0.148094	5.630887
8	0.499931	5.636204
9	-0.077925	5.641512
4	0.506425	5.646824
5	-0.069382	5.663063
6	0.949202	5.668388
7	-0.124080	5.673721
8	0.503345	5.678729
9	-0.064216	5.684041
4	0.509668	5.689346
5	-0.057740	5.705869
6	0.954871	5.710877
7	-0.102186	5.716178
8	0.506663	5.721482
9	-0.051999	5.726498
4	0.513201	5.731811
5	-0.046093	5.748169
6	0.961526	5.753502
7	-0.079629	5.758850
8	0.510335	5.763898
9	-0.040600	5.769231
4	0.516245	5.774523
5	-0.033922	5.790746
6	0.967174	5.796058
7	-0.054190	5.801368
8	0.513134	5.806375
9	-0.028613	5.811680
4	0.519140	5.816985
5	-0.019889	5.833523
6	0.972090	5.838564
7	-0.029495	5.843869
8	0.515137	5.849177
9	-0.014079	5.854497
4	0.521033	5.859506
5	-0.008039	5.875988
6	0.976031	5.881305
7	-0.008001	5.886605
8	0.517624	5.891642
9	-0.001845	5.897002
4	0.523462	5.902034
5	0.004003	5.918340
6	0.980053	5.923653
7	0.015910	5.928945
8	0.519774	5.934254
9	0.009673	5.939250
4	0.525174	5.944569
5	0.016656	5.960890
6	0.983019	5.966238
7	0.042043	5.971531
8	0.521338	5.976847
9	0.022247	5.981871
4	0.527032	5.987160
5	0.030341	6.003659
6	0.985911	6.008647
7	0.066097	6.013948
8	0.522194	6.019272
9	0.036879	6.024613
4	0.527520	6.029613
5	0.042663	6.046107
6	0.987208	6.051412
7	0.088689	6.056476
8	0.523479	6.061837
9	0.048728	6.066861
4	0.528617	6.072166
5	0.054677	6.088685
6	0.989127	6.093702
7	0.112345	6.099033
8	0.524340	6.104327
9	0.060418	6.109635
4	0.529254	6.114639
5	0.067458	6.131166
6	0.990482	6.136450
7	0.139396	6.141751
8	0.524631	6.146759
9	0.072775	6.152060
4	0.529933	6.157381
5	0.081315	6.173927
6	0.990958	6.178963
7	0.162978	6.184284
8	0.524507	6.189605
9	0.088053	6.194609
4	0.528925	6.199950
5	0.093005	6.216271
6	0.990033	6.221553
7	0.186665	6.226820
8	0.524478	6.232102
9	0.100293	6.237394
4	0.529046	6.242678
5	0.105271	6.259085
6	0.989688	6.264382
7	0.208499	6.269654
8	0.523982	6.274635
9	0.111580	6.279916
4	0.528646	6.285200
5	0.119205	6.301687
6	0.988999	6.306980
7	0.237992	6.312264
8	0.523465	6.317228
9	0.124087	6.322464
4	0.527847	6.327729
5	0.131829	6.344204
6	0.985906	6.349488
7	0.260377	6.354769
8	0.521698	6.359754
9	0.139210	6.365022
4	0.525947	6.370302
5	0.144053	6.386774
6	0.983544	6.392081
7	0.283613	6.397086
8	0.520704	6.402422
9	0.151377	6.407746
4	0.524604	6.412731
5	0.155978	6.429438
6	0.980628	6.434703
7	0.305724	6.439991
8	0.518870	6.445280
9	0.162296	6.450260
4	0.522964	6.455561
5	0.169940	6.472003
6	0.978389	6.477268
7	0.333464	6.482537
8	0.517237	6.487813
9	0.175116	6.493095
4	0.520756	6.498363
5	0.182335	6.514797
6	0.972297	6.520082
7	0.357132	6.525139
8	0.514372	6.530455
9	0.189590	6.535767
4	0.517781	6.540784
5	0.194566	6.557307
6	0.968325	6.562591
7	0.379853	6.567891
8	0.511880	6.572888
9	0.201633	6.578164
4	0.515509	6.583433
5	0.205770	6.599892
6	0.963745	6.605201
7	0.402231	6.610237
8	0.509141	6.615546
9	0.212238	6.620854
4	0.512824	6.625858
5	0.219679	6.642629
6	0.958321	6.647609
7	0.429824	6.652918
8	0.506315	6.658203
9	0.225658	6.663454
4	0.508950	6.668716
5	0.231950	6.685130
6	0.949378	6.690462
7	0.452266	6.695471
8	0.502696	6.700752
9	0.238979	6.706020
4	0.505364	6.711320
5	0.243642	6.727732
6	0.943783	6.733032
7	0.475793	6.738305
8	0.498443	6.743613
9	0.250237	6.748581
4	0.501814	6.753885
5	0.254548	6.770340
6	0.937302	6.775645
7	0.498097	6.780929
8	0.494897	6.785910
9	0.261464	6.791186
4	0.498188	6.796463
5	0.268457	6.812870
6	0.931192	6.818154
7	0.523341	6.823415
8	0.490916	6.828688
9	0.275090	6.833948
4	0.492432	6.839200
5	0.279856	6.855727
6	0.919562	6.860716
7	0.545724	6.866036
8	0.486410	6.871348
9	0.287025	6.876365
4	0.488095	6.881637
5	0.291534	6.898044
6	0.911570	6.903313
7	0.566309	6.908589
8	0.480921	6.913858
9	0.297880	6.919114
4	0.483565	6.924407
5	0.302680	6.940851
6	0.903030	6.946163
7	0.591371	6.951419
8	0.476141	6.956400
9	0.309048	6.961704
4	0.479272	6.966993
5	0.315440	6.983408
6	0.893762	6.988692
7	0.613856	6.993973
8	0.471070	6.999253
9	0.322204	7.004217
4	0.472131	7.009502
5	0.326622	7.025965
6	0.881336	7.031273
7	0.634675	7.036546
8	0.466075	7.041546
9	0.333276	7.046862
4	0.466793	7.052171
5	0.337658	7.068678
6	0.870877	7.073695
7	0.655511	7.078991
8	0.459154	7.084260
9	0.343511	7.089532
4	0.461419	7.094801
5	0.348983	7.111284
6	0.860861	7.116572
7	0.678873	7.121556
8	0.453658	7.126829
9	0.354426	7.132101
4	0.455842	7.137378
5	0.360613	7.153813
6	0.849009	7.159081
7	0.699728	7.164406
8	0.447381	7.169390
9	0.367403	7.174710
4	0.447426	7.180051
5	0.371280	7.196582
6	0.834918	7.201606
7	0.720077	7.206931
8	0.441163	7.212235
9	0.377779	7.217279
4	0.441284	7.222607
5	0.381522	7.239131
6	0.822411	7.244126
7	0.738983	7.249435
8	0.433488	7.254772
9	0.387323	7.260040
4	0.434735	7.265008
5	0.392678	7.281724
6	0.811236	7.286731
7	0.762954	7.292020
8	0.427094	7.297300
9	0.397766	7.302301
4	0.428426	7.307570
5	0.403452	7.324013
6	0.796404	7.329305
7	0.782688	7.334570
8	0.419664	7.339859
9	0.410264	7.345110
4	0.418804	7.350130
5	0.413358	7.366874
6	0.781026	7.371837
7	0.802021	7.377118
8	0.412157	7.382378
9	0.419848	7.387687
4	0.412057	7.392695
5	0.422909	7.409190
6	0.767315	7.414475
7	0.818899	7.419771
8	0.403786	7.425060
9	0.428579	7.430040
4	0.404763	7.435337
5	0.433667	7.451763
6	0.754273	7.457007
7	0.841384	7.462276
8	0.396514	7.467593
9	0.438464	7.472873
4	0.397120	7.477877
5	0.443730	7.494328
6	0.736902	7.499633
7	0.859752	7.504918
8	0.388515	7.510205
9	0.449989	7.515165
4	0.386922	7.520446
5	0.452933	7.536885
6	0.719910	7.542206
7	0.876692	7.547221
8	0.379906	7.552554
9	0.459464	7.557859
4	0.379021	7.563164
5	0.461931	7.579362
6	0.705578	7.584663
7	0.892577	7.589998
8	0.371258	7.595038
9	0.467303	7.600400
4	0.370634	7.605424
5	0.471993	7.622019
6	0.689821	7.627019
7	0.914941	7.632335
8	0.363071	7.637644
9	0.476418	7.642941
4	0.362411	7.647937
5	0.481029	7.664448
6	0.671251	7.669744
7	0.931688	7.674993
8	0.354030	7.679977
9	0.487263	7.685254
4	0.351231	7.690538
5	0.489550	7.706949
6	0.653401	7.712281
7	0.947933	7.717274
8	0.344663	7.722563
9	0.495534	7.727839
4	0.342839	7.733117
5	0.497816	7.749523
6	0.636721	7.754787
7	0.963094	7.760064
8	0.334885	7.765364
9	0.502985	7.770645
4	0.334086	7.775905
5	0.507355	7.792368
6	0.620423	7.797648
7	0.981851	7.802653
8	0.326259	7.807942
9	0.511828	7.813242
4	0.324080	7.818255
5	0.515368	7.834769
6	0.599067	7.840066
7	0.997195	7.845355
8	0.316362	7.850351
9	0.520821	7.855616
4	0.312753	7.860876
5	0.523222	7.877330
6	0.580557	7.882606
7	1.011911	7.887872
8	0.305703	7.892892
9	0.528994	7.898180
4	0.303500	7.903477
5	0.530310	7.919932
6	0.563576	7.925217
7	1.026409	7.930477
8	0.296159	7.935733
9	0.535615	7.940717
4	0.294201	7.945987
5	0.539093	7.962421
6	0.545876	7.967710
7	1.042977	7.972982
8	0.286951	7.977962
9	0.543299	7.983255
4	0.283382	7.988523
5	0.546465	8.004986
6	0.521391	8.010310
7	1.056426	8.015322
8	0.276587	8.020643
9	0.551748	8.025955
4	0.271783	8.031225
5	0.553765	8.047635
6	0.502956	8.052900
7	1.071444	8.058179
8	0.264504	8.063505
9	0.558610	8.068497
4	0.261879	8.073797
5	0.559738	8.090328
6	0.484309	8.095369
7	1.082592	8.100693
8	0.254662	8.106026
9	0.564602	8.111050
4	0.252154	8.116367
5	0.567601	8.132934
6	0.466211	8.137919
7	1.097839	8.143211
8	0.244613	8.148484
9	0.572300	8.153743
4	0.239399	8.158996
5	0.574031	8.175451
6	0.441058	8.180748
7	1.110647	8.186021
8	0.234127	8.191012
9	0.578907	8.196334
4	0.228291	8.201634
5	0.580282	8.218028
6	0.421476	8.223293
7	1.121915	8.228574
8	0.221279	8.233846
9	0.584960	8.239087
4	0.218091	8.244064
5	0.585585	8.260518
6	0.402498	8.265811
7	1.132934	8.271107
8	0.210888	8.276364
9	0.590696	8.281624
4	0.207789	8.286625
5	0.592466	8.303117
6	0.382755	8.308380
7	1.146059	8.313665
8	0.200708	8.318949
9	0.596762	8.323926
4	0.194178	8.329210
5	0.597739	8.345653
6	0.355949	8.350946
7	1.155470	8.355969
8	0.189486	8.361582
9	0.602605	8.366583
4	0.182908	8.371900
5	0.603302	8.388134
6	0.335314	8.393455
7	1.166289	8.398731
8	0.176036	8.404016
9	0.607224	8.409004
4	0.171933	8.414296
5	0.607448	8.430827
6	0.315032	8.435834
7	1.176167	8.441144
8	0.165358	8.446424
9	0.612109	8.451689
4	0.161204	8.456986
5	0.613356	8.473412
6	0.295580	8.478693
7	1.186068	8.483693
8	0.154443	8.488978
9	0.617654	8.494250
4	0.147097	8.499534
5	0.617976	8.515982
6	0.268562	8.521298
7	1.194339	8.526282
8	0.143290	8.531588
9	0.622330	8.536904
4	0.135517	8.542216
5	0.622590	8.558643
6	0.247059	8.563943
7	1.202979	8.569228
8	0.129123	8.574211
9	0.625973	8.579500
4	0.124660	8.584817
5	0.626421	8.601240
6	0.227134	8.606520
7	1.210914	8.611805
8	0.118160	8.617093
9	0.629988	8.622386
4	0.113723	8.627383
5	0.630579	8.643769
6	0.204692	8.649062
7	1.218658	8.654383
8	0.106702	8.659686
9	0.634720	8.664683
4	0.098486	8.669955
5	0.634413	8.686362
6	0.178628	8.691635
7	1.226144	8.696927
8	0.094745	8.702236
9	0.638104	8.707248
4	0.087297	8.712605
5	0.638018	8.728944
6	0.156722	8.734276
7	1.231034	8.739613
8	0.081284	8.744609
9	0.640578	8.749938
4	0.075669	8.755238
5	0.640702	8.771765
6	0.135953	8.776773
7	1.238520	8.782098
8	0.069971	8.787418
9	0.644109	8.792407
4	0.064061	8.797723
5	0.644159	8.814318
6	0.111885	8.819334
7	1.244972	8.824639
8	0.057855	8.829963
9	0.647581	8.834943
4	0.049226	8.840256
5	0.646866	8.856802
6	0.086648	8.861819
7	1.249829	8.867155
8	0.045357	8.872496
9	0.650318	8.877488
4	0.037515	8.882773
5	0.649297	8.899315
6	0.064442	8.904339
7	1.253202	8.909648
8	0.032101	8.914956
9	0.651744	8.920265
4	0.026023	8.925569
5	0.651379	8.942084
6	0.043156	8.947113
7	1.258781	8.952417
8	0.020704	8.957430
9	0.654102	8.962771
4	0.013993	8.968103
5	0.653777	8.984421
6	0.016410	8.989782
7	1.263559	8.995106
8	0.008209	9.000151
9	0.656634	9.005474
4	-0.000801	9.010828
5	0.655692	9.027323
6	-0.008061	9.032398
7	1.266029	9.037743
8	-0.005496	9.042783
9	0.658019	9.048123
4	-0.012696	9.053151
5	0.656872	9.069814
6	-0.029259	9.074846
7	1.267054	9.080171
8	-0.017917	9.085211
9	0.658851	9.090544
4	-0.024340	9.095905
5	0.658004	9.112219
6	-0.051079	9.117575
7	1.271577	9.122604
8	-0.029268	9.127916
9	0.660455	9.133217
4	-0.036924	9.138234
5	0.659187	9.154813
6	-0.078087	9.159821
7	1.272466	9.165121
8	-0.041814	9.170418
9	0.661488	9.175734
4	-0.051792	9.180759
5	0.660186	9.197354
6	-0.101798	9.202357
7	1.274576	9.207686
8	-0.055516	9.213003
9	0.662346	9.218300
4	-0.063388	9.223300
5	0.660541	9.239807
6	-0.124402	9.244807
7	1.274059	9.250104
8	-0.068054	9.255388
9	0.662022	9.260692
4	-0.075107	9.265704
5	0.660813	9.282235
6	-0.145750	9.287548
7	1.274824	9.292852
8	-0.079424	9.297881
9	0.662341	9.303193
4	-0.088303	9.308490
5	0.660904	9.324753
6	-0.174294	9.330089
7	1.276183	9.335425
8	-0.091884	9.340425
9	0.662449	9.345719
4	-0.102553	9.350973
5	0.660973	9.367369
6	-0.197241	9.372634
7	1.275833	9.377926
8	-0.106492	9.383191
9	0.662337	9.388139
4	-0.114520	9.393391
5	0.660181	9.409831
6	-0.219665	9.415123
7	1.272357	9.420400
8	-0.118599	9.425704
9	0.661068	9.430984
4	-0.126271	9.435977
5	0.659349	9.452396
6	-0.241065	9.457693
7	1.271677	9.462977
8	-0.130162	9.468253
9	0.660589	9.473534
4	-0.139408	9.478510
5	0.658529	9.495045
6	-0.269878	9.500378
7	1.270252	9.505387
8	-0.142660	9.510655
9	0.659342	9.515975
4	-0.153265	9.521260
5	0.657902	9.537767
6	-0.291863	9.542795
7	1.269148	9.548111
8	-0.156877	9.553420
9	0.658164	9.558416
4	-0.165260	9.563721
5	0.655916	9.580272
6	-0.313573	9.585292
7	1.263547	9.590617
8	-0.168662	9.595945
9	0.656521	9.600945
4	-0.176876	9.606242
5	0.654097	9.622768
6	-0.335617	9.627777
7	1.260567	9.633113
8	-0.180132	9.638470
9	0.654693	9.643482
4	-0.190680	9.648826
5	0.652480	9.665366
6	-0.364308	9.670378
7	1.257930	9.675659
8	-0.192430	9.680951
9	0.652714	9.686228
4	-0.203896	9.691512
5	0.650683	9.707919
6	-0.385923	9.713227
7	1.254456	9.718496
8	-0.206869	9.723477
9	0.650528	9.728761
4	-0.215383	9.734058
5	0.647638	9.750472
6	-0.407693	9.755756
7	1.247089	9.761062
8	-0.218713	9.766342
9	0.647686	9.771322
4	-0.226831	9.776583
5	0.644798	9.792978
6	-0.429001	9.798255
7	1.242693	9.803579
8	-0.230174	9.808595
9	0.644844	9.813891
4	-0.241220	9.819176
5	0.642398	9.835567
6	-0.457347	9.840827
7	1.236825	9.846104
8	-0.241978	9.851376
9	0.641880	9.856653
4	-0.253539	9.861905
5	0.639784	9.878324
6	-0.479095	9.883601
7	1.231876	9.888618
8	-0.256016	9.893910
9	0.638797	9.899178
4	-0.265050	9.904463
5	0.635703	9.920869
6	-0.500324	9.926142
7	1.223483	9.931411
8	-0.267639	9.936407
9	0.635655	9.941679
4	-0.275931	9.946960
5	0.631936	9.963455
6	-0.521414	9.968471
7	1.216874	9.973764
8	-0.278499	9.979077
9	0.631325	9.984372
4	-0.290783	9.989649
5	0.628660	10.006072
6	-0.549715	10.011332
7	1.211260	10.016614
8	-0.290387	10.021898
9	0.627620	10.026886
4	-0.302291	10.032174
5	0.625222	10.048609
6	-0.570419	10.053897
7	1.203151	10.059186
8	-0.304179	10.064475
9	0.623512	10.069463
4	-0.313544	10.074744
5	0.619865	10.091203
6	-0.591400	10.096487
7	1.193118	10.101760
8	-0.315030	10.107024
9	0.619505	10.112304
4	-0.324404	10.117589
5	0.615451	10.133988
6	-0.613527	10.139313
7	1.185413	10.144309
8	-0.326438	10.149577
9	0.614259	10.154846
4	-0.339000	10.160118
5	0.611274	10.176533
6	-0.638731	10.181846
7	1.176739	10.187135
8	-0.338507	10.192150
9	0.609863	10.197459
4	-0.350194	10.202780
5	0.606783	10.219210
6	-0.659838	10.224511
7	1.167095	10.229783
8	-0.351269	10.234744
9	0.604544	10.240028
4	-0.361025	10.245325
5	0.600705	10.261740
6	-0.679593	10.267060
7	1.155610	10.272357
8	-0.361738	10.277358
9	0.599930	10.282658
4	-0.371859	10.287987
5	0.595601	10.304534
6	-0.702880	10.309546
7	1.145790	10.314862
8	-0.372851	10.320179
9	0.593658	10.325187
4	-0.385637	10.330504
5	0.590444	10.347022
6	-0.725632	10.352051
7	1.136985	10.357376
8	-0.384731	10.362656
9	0.588415	10.367924
4	-0.395999	10.372900
5	0.585077	10.389360
6	-0.745490	10.394668
7	1.124308	10.399961
8	-0.396776	10.405225
9	0.582342	10.410197
4	-0.406518	10.415470
5	0.577755	10.431905
6	-0.764642	10.437186
7	1.111293	10.442474
8	-0.407040	10.447767
9	0.577037	10.452755
4	-0.417147	10.458024
5	0.571997	10.474478
6	-0.788500	10.479759
7	1.100970	10.485087
8	-0.417795	10.490091
9	0.569916	10.495336
4	-0.430508	10.500620
5	0.566201	10.517215
6	-0.809481	10.522232
7	1.089077	10.527536
8	-0.429323	10.532561
9	0.564029	10.537870
4	-0.440741	10.543166
5	0.560091	10.559701
6	-0.828529	10.564701
7	1.075499	10.570029
8	-0.440400	10.575366
9	0.556989	10.580639
4	-0.450907	10.585607
5	0.552032	10.602313
6	-0.847504	10.607298
7	1.061366	10.612599
8	-0.450072	10.617883
9	0.550645	10.623172
4	-0.461583	10.628436
5	0.545530	10.644855
6	-0.870469	10.650135
7	1.048846	10.655412
8	-0.460415	10.660408
9	0.542641	10.665701
4	-0.473516	10.671046
5	0.538957	10.687572
6	-0.889611	10.692560
7	1.036401	10.697845
8	-0.472081	10.703118
9	0.536013	10.708389
4	-0.482853	10.713667
5	0.531685	10.730098
6	-0.908263	10.735374
7	1.019466	10.740650
8	-0.482252	10.745903
9	0.528503	10.751212
4	-0.492587	10.756484
5	0.522916	10.772951
6	-0.925899	10.778223
7	1.004875	10.783215
8	-0.491722	10.788484
9	0.520523	10.793744
4	-0.504398	10.799009
5	0.515599	10.815524
6	-0.949068	10.820829
7	0.990985	10.825821
8	-0.501518	10.831093
9	0.512347	10.836362
4	-0.514271	10.841627
5	0.508866	10.858062
6	-0.966153	10.863390
7	0.977633	10.868402
8	-0.512543	10.873703
9	0.505073	10.879007
4	-0.523372	10.884276
5	0.499988	10.900675
6	-0.983312	10.905939
7	0.957303	10.911215
8	-0.521927	10.916508
9	0.497301	10.921777
4	-0.532274	10.926737
5	0.491009	10.943196
6	-0.999596	10.948477
7	0.942612	10.953749
8	-0.530706	10.959017
9	0.487762	10.964310
4	-0.544009	10.969626
5	0.483148	10.986017
6	-1.022606	10.991293
7	0.928180	10.996595
8	-0.540004	11.001890
9	0.479341	11.006879
4	-0.552986	11.012144
5	0.475438	11.028571
6	-1.038833	11.033843
7	0.912938	11.039139
8	-0.550604	11.044444
9	0.471022	11.049485
4	-0.561695	11.054817
5	0.465601	11.071148
6	-1.054573	11.076471
7	0.893440	11.081765
8	-0.559125	11.087105
9	0.462802	11.092089
4	-0.570049	11.097410
5	0.456514	11.113896
6	-1.070347	11.119173
7	0.875702	11.124153
8	-0.567687	11.129470
9	0.452271	11.134746
4	-0.581298	11.140011
5	0.448012	11.156426
6	-1.090200	11.161686
7	0.860179	11.166995
8	-0.576563	11.172300
9	0.443955	11.177568
4	-0.589373	11.182568
5	0.439682	11.198999
6	-1.106224	11.204292
7	0.843413	11.209560
8	-0.586167	11.214820
9	0.434699	11.220141
4	-0.597367	11.225114
5	0.428524	11.241797
6	-1.120787	11.247081
7	0.821727	11.252354
8	-0.593834	11.257338
9	0.426095	11.262635
4	-0.605004	11.267915
5	0.419104	11.284430
6	-1.138292	11.289711
7	0.804725	11.295007
8	-0.602236	11.300027
9	0.414622	11.305332
4	-0.615552	11.310605
5	0.410090	11.327059
6	-1.154349	11.332352
7	0.788002	11.337356
8	-0.610759	11.342645
9	0.405810	11.347950
4	-0.622728	11.353250
5	0.401130	11.369705
6	-1.168549	11.374721
7	0.768383	11.380021
8	-0.619157	11.385294
9	0.395720	11.390582
4	-0.630262	11.395867
5	0.389109	11.412294
6	-1.181977	11.417575
7	0.746541	11.422867
8	-0.625794	11.427923
9	0.386489	11.433220
4	-0.637999	11.438528
5	0.379646	11.455039
6	-1.199098	11.460032
7	0.728657	11.465328
8	-0.633953	11.470633
9	0.374918	11.475945
4	-0.646970	11.480937
5	0.370560	11.497492
6	-1.213367	11.502830
7	0.711115	11.507821
8	-0.642286	11.513110
9	0.365625	11.518410
4	-0.653789	11.523422
5	0.360282	11.539846
6	-1.225937	11.545130
7	0.688665	11.550446
8	-0.649333	11.555771
9	0.355451	11.560763
4	-0.660334	11.566056
5	0.348048	11.582566
6	-1.237805	11.587831
7	0.667641	11.593116
8	-0.655751	11.598388
9	0.344372	11.603672
4	-0.668457	11.608974
5	0.338211	11.625416
6	-1.255193	11.630697
7	0.648365	11.635685
8	-0.662639	11.640977
9	0.332832	11.646253
4	-0.675471	11.651550
5	0.328214	11.668029
6	-1.266871	11.673007
7	0.629630	11.678275
8	-0.670326	11.683551
9	0.322940	11.688827
4	-0.681491	11.694088
5	0.317309	11.710571
6	-1.277643	11.715835
7	0.605397	11.720800
8	-0.676513	11.726084
9	0.312345	11.731365
4	-0.687549	11.736685
5	0.304895	11.753140
6	-1.288946	11.758457
7	0.584023	11.763437
8	-0.682292	11.768718
9	0.300162	11.773994
4	-0.695157	11.779275
5	0.294561	11.795673
6	-1.303659	11.800966
7	0.564602	11.806239
8	-0.688541	11.811515
9	0.288899	11.816799
4	-0.701266	11.822084
5	0.284479	11.838543
6	-1.314497	11.843844
7	0.543883	11.848856
8	-0.695310	11.854196
9	0.278239	11.859516
4	-0.706749	11.864525
5	0.272203	11.880980
6	-1.324613	11.886257
7	0.518243	11.891541
8	-0.700877	11.896802
9	0.267780	11.901782
4	-0.711703	11.907034
5	0.259893	11.923501
6	-1.334610	11.928765
7	0.496385	11.934077
8	-0.706251	11.939046
9	0.254698	11.944354
4	-0.718756	11.949647
5	0.249212	11.966094
6	-1.347933	11.971371
7	0.476210	11.976663
8	-0.711208	11.981936
9	0.243418	11.986899
4	-0.723901	11.992192
5	0.238621	12.008583
6	-1.356988	12.013879
7	0.455821	12.019183
8	-0.717449	12.024453
9	0.232556	12.029433
4	-0.728738	12.034730
5	0.226011	12.051296
6	-1.365805	12.056300
7	0.428836	12.061609
8	-0.721989	12.066933
9	0.221372	12.072226
4	-0.733047	12.077219
5	0.213518	12.093761
6	-1.374183	12.099073
7	0.406814	12.104086
8	-0.726876	12.109399
9	0.207555	12.114719
4	-0.739346	12.119719
5	0.202518	12.136238
6	-1.385322	12.141558
7	0.386090	12.146595
8	-0.731297	12.151923
9	0.196385	12.157208
4	-0.743520	12.162217
5	0.191586	12.178839
6	-1.393130	12.184175
7	0.364492	12.189223
8	-0.736365	12.194573
9	0.185154	12.199585
4	-0.747750	12.204926
5	0.178292	12.221465
6	-1.400769	12.226469
7	0.336249	12.231805
8	-0.740431	12.237114
9	0.173862	12.242134
4	-0.751066	12.247474
5	0.165954	12.264045
6	-1.408227	12.269073
7	0.314472	12.274382
8	-0.744264	12.279695
9	0.159712	12.284703
4	-0.756593	12.290007
5	0.154414	12.306518
6	-1.417678	12.311554
7	0.293372	12.316879
8	-0.748041	12.322183
9	0.147901	12.327187
4	-0.759921	12.332504
5	0.143440	12.349039
6	-1.423991	12.354096
7	0.271645	12.359380
8	-0.752175	12.364689
9	0.136573	12.369688
4	-0.763338	12.374989
5	0.129414	12.391576
6	-1.429718	12.396600
7	0.243497	12.401905
8	-0.755370	12.407217
9	0.125103	12.412217
4	-0.766125	12.417562
5	0.116978	12.434104
6	-1.435824	12.439125
7	0.220907	12.444433
8	-0.758715	12.449746
9	0.110526	12.454770
4	-0.770590	12.460095
5	0.105162	12.476662
6	-1.443093	12.481646
7	0.199053	12.486950
8	-0.761795	12.492239
9	0.099237	12.497271
4	-0.773306	12.502575
5	0.094240	12.518983
6	-1.447726	12.524375
7	0.177112	12.529463
8	-0.764795	12.534555
9	0.086949	12.539908
4	-0.775886	12.545232
5	0.079343	12.561795
6	-1.453200	12.566807
7	0.147488	12.572115
8	-0.767217	12.577445
9	0.075414	12.582453
4	-0.777812	12.587773
5	0.066938	12.604341
6	-1.458066	12.609325
7	0.125456	12.614646
8	-0.770016	12.619954
9	0.060649	12.624967
4	-0.781179	12.630255
5	0.055361	12.646846
6	-1.463170	12.651850
7	0.103068	12.657151
8	-0.771904	12.662467
9	0.048845	12.667476
4	-0.783119	12.672804
5	0.043743	12.689347
6	-1.466534	12.694371
7	0.079725	12.699664
8	-0.774248	12.705000
9	0.036559	12.710025
4	-0.784960	12.715345
5	0.029080	12.731893
6	-1.469579	12.736901
7	0.052364	12.742209
8	-0.775807	12.747526
9	0.024743	12.752546
4	-0.786243	12.757862
5	0.016510	12.774457
6	-1.472800	12.779474
7	0.029035	12.784774
8	-0.777810	12.790101
9	0.009856	12.795107
4	-0.788748	12.800415
5	0.004873	12.816946
6	-1.476419	12.821970
7	0.006292	12.827299
8	-0.779085	12.832620
9	-0.001392	12.837660
4	-0.789726	12.843000
5	-0.006871	12.859563
6	-1.478536	12.864563
7	-0.017948	12.869864
8	-0.780285	12.875208
9	-0.014045	12.880237
4	-0.790727	12.885537
5	-0.021489	12.902068
6	-1.480039	12.907093
7	-0.045416	12.912421
8	-0.780926	12.917726
9	-0.025876	12.923030
4	-0.791254	12.928023
5	-0.033741	12.944562
6	-1.482187	12.949582
7	-0.068922	12.954899
8	-0.782390	12.960212
9	-0.040774	12.965520
4	-0.792611	12.970537
5	-0.046070	12.986915
6	-1.483643	12.992291
7	-0.089905	12.997316
8	-0.782690	13.002616
9	-0.052562	13.007941
4	-0.793073	13.012965
5	-0.057924	13.029456
6	-1.484461	13.034753
7	-0.115583	13.040049
8	-0.782998	13.045342
9	-0.064755	13.050354
4	-0.793216	13.055671
5	-0.072794	13.072150
6	-1.484650	13.077154
7	-0.143466	13.082471
8	-0.783105	13.087799
9	-0.077002	13.092816
4	-0.792856	13.098132
5	-0.084789	13.114699
6	-1.484924	13.119735
7	-0.166116	13.125072
8	-0.783642	13.130137
9	-0.091991	13.135489
4	-0.793622	13.140498
5	-0.096908	13.157246
6	-1.485000	13.162221
7	-0.188088	13.167506
8	-0.783286	13.172766
9	-0.103595	13.178015
4	-0.792964	13.183272
5	-0.109007	13.199602
6	-1.483879	13.204883
7	-0.213022	13.210171
8	-0.782681	13.215456
9	-0.116036	13.220457
4	-0.792470	13.225785
5	-0.123925	13.242320
6	-1.483012	13.247296
7	-0.240040	13.252564
8	-0.781770	13.257829
9	-0.128126	13.263113
4	-0.791595	13.268395
5	-0.136213	13.284826
6	-1.482046	13.290101
7	-0.263352	13.295378
8	-0.781834	13.300687
9	-0.142748	13.305691
4	-0.790942	13.310983
5	-0.148027	13.327422
6	-1.479838	13.332691
7	-0.285406	13.337971
8	-0.780051	13.343264
9	-0.154738	13.348224
4	-0.789740	13.353505
5	-0.159886	13.369976
6	-1.477371	13.375273
7	-0.311911	13.380569
8	-0.779131	13.385533
9	-0.167019	13.390798
4	-0.788434	13.396054
5	-0.175068	13.412481
6	-1.474295	13.417784
7	-0.338016	13.423062
8	-0.777431	13.428035
9	-0.179455	13.433315
4	-0.786872	13.438615
5	-0.186920	13.454906
6	-1.472183	13.460267
7	-0.360932	13.465587
8	-0.776589	13.470615
9	-0.193675	13.475932
4	-0.785253	13.481208
5	-0.198348	13.497643
6	-1.468807	13.502903
7	-0.382876	13.508200
8	-0.774076	13.513480
9	-0.205166	13.518745
4	-0.783332	13.524029
5	-0.211086	13.540488
6	-1.464761	13.545745
7	-0.411146	13.551025
8	-0.772405	13.556322
9	-0.217738	13.561602
4	-0.780888	13.566587
5	-0.225415	13.583038
6	-1.460102	13.588290
7	-0.434904	13.593547
8	-0.770180	13.598831
9	-0.231409	13.604100
4	-0.778852	13.609364
5	-0.237241	13.625823
6	-1.456559	13.631100
7	-0.457399	13.636381
8	-0.767780	13.641350
9	-0.244007	13.646637
4	-0.776162	13.651882
5	-0.248468	13.668317
6	-1.451879	13.673617
7	-0.479250	13.678625
8	-0.764790	13.683974
9	-0.255797	13.689294
4	-0.773621	13.694339
5	-0.261564	13.710946
6	-1.446438	13.715959
7	-0.507488	13.721258
8	-0.762379	13.726595
9	-0.267823	13.731591
4	-0.770545	13.736924
5	-0.275562	13.753447
6	-1.440206	13.758451
7	-0.531082	13.763779
8	-0.759616	13.769136
9	-0.281546	13.774180
4	-0.767636	13.779500
5	-0.286632	13.796055
6	-1.434670	13.801056
7	-0.554011	13.806365
8	-0.756626	13.811681
9	-0.293813	13.816698
4	-0.764222	13.822014
5	-0.297911	13.838549
6	-1.428330	13.843569
7	-0.573409	13.848894
8	-0.752609	13.854206
9	-0.305502	13.859250
4	-0.760899	13.864551
5	-0.311163	13.881066
6	-1.422093	13.886071
7	-0.602651	13.891383
8	-0.749476	13.896724
9	-0.316944	13.901728
4	-0.756869	13.907032
5	-0.324347	13.923559
6	-1.414442	13.928566
7	-0.624614	13.933871
8	-0.745962	13.939184
9	-0.331061	13.944220
4	-0.753088	13.949525
5	-0.335510	13.966028
6	-1.407824	13.971068
7	-0.646036	13.976404
8	-0.742159	13.981729
9	-0.342646	13.986741
4	-0.748866	13.992046
5	-0.346658	14.008613
6	-1.399610	14.013618
7	-0.667880	14.018945
8	-0.737317	14.024270
9	-0.354202	14.029259
4	-0.744860	14.034580
5	-0.359697	14.051094
6	-1.392091	14.056098
7	-0.694697	14.061423
8	-0.733369	14.066772
9	-0.365801	14.071800
4	-0.740400	14.077136
5	-0.372462	14.093491
6	-1.383181	14.098843
7	-0.717778	14.104196
8	-0.729137	14.109240
9	-0.379233	14.114585
4	-0.735560	14.119617
5	-0.383480	14.135967
6	-1.373883	14.141313
7	-0.738335	14.146680
8	-0.724647	14.151689
9	-0.390773	14.157286
4	-0.730915	14.162298
5	-0.394311	14.178785
6	-1.365176	14.183814
7	-0.760329	14.189174
8	-0.718930	14.194223
9	-0.401588	14.199507
4	-0.725980	14.204768
5	-0.406964	14.221186
6	-1.355758	14.226459
7	-0.786941	14.231724
8	-0.714235	14.237012
9	-0.412960	14.242284
4	-0.720606	14.247549
5	-0.419502	14.263972
6	-1.346145	14.269256
7	-0.807896	14.274260
8	-0.709622	14.279573
9	-0.426519	14.284854
4	-0.715060	14.290146
5	-0.430431	14.306565
6	-1.335128	14.311834
7	-0.828045	14.317122
8	-0.703948	14.322394
9	-0.437145	14.327662
4	-0.709560	14.332915
5	-0.440467	14.349347
6	-1.324981	14.354606
7	-0.848978	14.359635
8	-0.697656	14.364936
9	-0.448387	14.370224
4	-0.704129	14.375525
5	-0.454180	14.392043
6	-1.314783	14.397308
7	-0.875194	14.402308
8	-0.692203	14.407588
9	-0.458830	14.412853
4	-0.698116	14.418130
5	-0.464983	14.434569
6	-1.302977	14.439886
7	-0.895517	14.444885
8	-0.687208	14.450186
9	-0.472272	14.455487
4	-0.691822	14.460787
5	-0.475567	14.477266
6	-1.291118	14.482546
7	-0.915873	14.487503
8	-0.680113	14.492784
9	-0.482359	14.498029
4	-0.685706	14.503316
5	-0.485962	14.519779
6	-1.280277	14.525076
7	-0.936563	14.530056
8	-0.674000	14.535353
9	-0.493529	14.540662
4	-0.679643	14.545959
5	-0.499129	14.562381
6	-1.268344	14.567673
7	-0.960496	14.572958
8	-0.667422	14.578210
9	-0.503879	14.583215
4	-0.672872	14.588504
5	-0.509384	14.604914
6	-1.254928	14.610183
7	-0.980189	14.615436
8	-0.661960	14.620740
9	-0.516606	14.626025
4	-0.665565	14.631016
5	-0.519490	14.647443
6	-1.242540	14.652716
7	-0.998392	14.657993
8	-0.653904	14.663269
9	-0.526357	14.668542
4	-0.659115	14.673834
5	-0.529986	14.690393
6	-1.230045	14.695393
7	-1.020670	14.700694
8	-0.647233	14.705998
9	-0.536847	14.710983
4	-0.652375	14.716235
5	-0.542295	14.732674
6	-1.216336	14.737963
7	-1.042488	14.743255
8	-0.640438	14.748547
9	-0.547617	14.753824
4	-0.644632	14.758804
5	-0.552282	14.775231
6	-1.202009	14.780508
7	-1.061659	14.785760
8	-0.634031	14.791037
9	-0.559211	14.796382
4	-0.637174	14.801362
5	-0.561755	14.817880
6	-1.187933	14.823201
7	-1.078494	14.828233
8	-0.625303	14.833574
9	-0.568373	14.838891
4	-0.629885	14.843907
5	-0.571821	14.860603
6	-1.174591	14.865594
7	-1.101694	14.870895
8	-0.618212	14.876172
9	-0.578618	14.881464
4	-0.622268	14.886729
5	-0.583615	14.903151
6	-1.160465	14.908438
7	-1.121724	14.913708
8	-0.610631	14.918701
9	-0.589357	14.923970
4	-0.613957	14.929234
5	-0.593271	14.945633
6	-1.144862	14.950937
7	-1.139114	14.956274
8	-0.603681	14.961278
9	-0.599589	14.966579
4	-0.605757	14.971847
5	-0.602031	14.988274
6	-1.130250	14.993550
7	-1.155346	14.998807
8	-0.594018	15.004088
9	-0.608952	15.009392
4	-0.598095	15.014388
5	-0.612435	15.030883
6	-1.115322	15.036185
7	-1.179154	15.041453
8	-0.586565	15.046429
9	-0.618279	15.051710
4	-0.589986	15.056990
5	-0.623226	15.073421
6	-1.099692	15.078750
7	-1.197164	15.083742
8	-0.578771	15.089007
9	-0.629118	15.094291
4	-0.581033	15.099567
5	-0.632167	15.115990
6	-1.083396	15.121315
7	-1.213494	15.126275
8	-0.571027	15.131580
9	-0.638542	15.136865
4	-0.572398	15.142149
5	-0.640352	15.158576
6	-1.067319	15.163845
7	-1.229687	15.169149
8	-0.560794	15.174173
9	-0.647264	15.179490
4	-0.564344	15.184806
5	-0.650964	15.201337
6	-1.052678	15.206329
7	-1.251712	15.211643
8	-0.552898	15.216998
9	-0.656161	15.222042
4	-0.555523	15.227355
5	-0.660737	15.243806
6	-1.035462	15.249071
7	-1.267953	15.254375
8	-0.544763	15.259655
9	-0.666630	15.265240
4	-0.545876	15.269905
5	-0.669408	15.286347
6	-1.017721	15.291612
7	-1.282943	15.296908
8	-0.535569	15.302185
9	-0.675385	15.307458
4	-0.536943	15.312426
5	-0.677099	15.329145
6	-1.000638	15.334153
7	-1.300664	15.339470
8	-0.525363	15.344750
9	-0.683696	15.349766
4	-0.527992	15.355047
5	-0.687103	15.371526
6	-0.984648	15.376810
7	-1.319454	15.382090
8	-0.516729	15.387379
9	-0.691879	15.392351
4	-0.518696	15.397637
5	-0.695808	15.414115
6	-0.966478	15.419408
7	-1.335337	15.424684
8	-0.508146	15.429945
9	-0.701790	15.435193
4	-0.508680	15.440166
5	-0.703705	15.456656
6	-0.947793	15.461945
7	-1.349922	15.467257
8	-0.498388	15.472526
9	-0.709405	15.477482
4	-0.499103	15.482762
5	-0.711103	15.499165
6	-0.930031	15.504440
7	-1.365788	15.509715
8	-0.487764	15.515030
9	-0.717626	15.520007
4	-0.489915	15.525280
5	-0.720854	15.541723
6	-0.912638	15.547011
7	-1.383732	15.552271
8	-0.478516	15.557568
9	-0.725262	15.562860
4	-0.480001	15.567828
5	-0.728612	15.584387
6	-0.893457	15.589684
7	-1.398237	15.594712
8	-0.469670	15.600025
9	-0.734544	15.605361
4	-0.469346	15.610406
5	-0.736220	15.627025
6	-0.873637	15.632025
7	-1.411102	15.637337
8	-0.458942	15.642642
9	-0.741637	15.647663
4	-0.459566	15.652979
5	-0.743382	15.669498
6	-0.855532	15.674513
7	-1.425889	15.679826
8	-0.448363	15.685151
9	-0.749407	15.690159
4	-0.449824	15.695460
5	-0.752106	15.711999
6	-0.837181	15.717027
7	-1.442931	15.722340
8	-0.438421	15.727652
9	-0.756164	15.732664
4	-0.439434	15.737981
5	-0.759416	15.754463
6	-0.816920	15.759768
7	-1.456862	15.764776
8	-0.429227	15.770081
9	-0.765038	15.775393
4	-0.428474	15.780390
5	-0.766220	15.796937
6	-0.796809	15.802233
7	-1.469627	15.807273
8	-0.418179	15.812602
9	-0.771520	15.817923
4	-0.418127	15.822943
5	-0.772734	15.839518
6	-0.777972	15.844522
7	-1.482499	15.849815
8	-0.406985	15.855091
9	-0.778701	15.860371
4	-0.407934	15.865648
5	-0.781033	15.882071
6	-0.759242	15.887351
7	-1.498480	15.892347
8	-0.396869	15.897612
9	-0.785196	15.902893
4	-0.397172	15.908173
5	-0.787609	15.924592
6	-0.736907	15.929865
7	-1.510201	15.935149
8	-0.387061	15.940417
9	-0.793100	15.945390
4	-0.385285	15.950699
5	-0.793929	15.967254
6	-0.716260	15.972265
7	-1.522329	15.977590
8	-0.374913	15.982939
9	-0.798772	15.987951
4	-0.374684	15.993283
5	-0.799597	16.009874
6	-0.697284	16.014874
7	-1.533757	16.020191
8	-0.363829	16.025215
9	-0.805497	16.030500
4	-0.364332	16.035800
5	-0.807455	16.052268
6	-0.677252	16.057547
7	-1.547158	16.062556
8	-0.353186	16.067837
9	-0.811324	16.073132
4	-0.353246	16.078401
5	-0.813151	16.094824
6	-0.654621	16.100093
7	-1.559184	16.105381
8	-0.343454	16.110654
9	-0.818668	16.115638
4	-0.341191	16.120919
5	-0.818896	16.137378
6	-0.632973	16.142682
7	-1.568194	16.147674
8	-0.330644	16.152963
9	-0.823617	16.158244
4	-0.330229	16.163520
5	-0.824437	16.180007
6	-0.612812	16.185276
7	-1.581900	16.190264
8	-0.319531	16.195533
9	-0.829773	16.200798
4	-0.319328	16.206077
5	-0.831256	16.222509
6	-0.593057	16.227814
7	-1.592765	16.233086
8	-0.308580	16.238082
9	-0.835042	16.243351
4	-0.307565	16.248631
5	-0.836451	16.265082
6	-0.569000	16.270350
7	-1.602123	16.275623
8	-0.298076	16.280916
9	-0.841434	16.286192
4	-0.294981	16.291156
5	-0.841248	16.307634
6	-0.547977	16.312939
7	-1.610859	16.318256
8	-0.284634	16.323260
9	-0.845828	16.328568
4	-0.283949	16.333857
5	-0.846224	16.350164
6	-0.526471	16.355448
7	-1.623190	16.360732
8	-0.273519	16.366005
9	-0.851138	16.371306
4	-0.272803	16.376306
5	-0.852449	16.393049
6	-0.505893	16.398334
7	-1.633838	16.403326
8	-0.262380	16.408595
9	-0.856252	16.413871
4	-0.260162	16.419140
5	-0.856884	16.435646
6	-0.481215	16.440907
7	-1.641257	16.445891
8	-0.252020	16.451169
9	-0.861519	16.456436
4	-0.248096	16.461701
5	-0.860746	16.478116
6	-0.459278	16.483425
7	-1.648837	16.488705
8	-0.237589	16.493990
9	-0.865777	16.499270
4	-0.236645	16.504250
5	-0.865798	16.520733
6	-0.438938	16.526037
7	-1.660483	16.531338
8	-0.226531	16.536358
9	-0.870052	16.541655
4	-0.225310	16.546920
5	-0.870636	16.563358
6	-0.416248	16.568643
7	-1.667943	16.573928
8	-0.215335	16.578895
9	-0.874813	16.584176
4	-0.211957	16.589469
5	-0.874505	16.605912
6	-0.391955	16.611181
7	-1.674936	16.616445
8	-0.204210	16.621742
9	-0.879147	16.626994
4	-0.199559	16.632251
5	-0.877753	16.648714
6	-0.369988	16.653725
7	-1.681657	16.659014
8	-0.190263	16.664335
9	-0.882719	16.669667
4	-0.188329	16.674683
5	-0.882664	16.691222
6	-0.348063	16.696534
7	-1.690956	16.701548
8	-0.178950	16.706827
9	-0.886326	16.712088
4	-0.176535	16.717381
5	-0.886247	16.733788
6	-0.325091	16.739060
7	-1.696704	16.744353
8	-0.167651	16.749605
9	-0.890284	16.754601
4	-0.163085	16.759874
5	-0.889540	16.776349
6	-0.299997	16.781646
7	-1.703673	16.786646
8	-0.155621	16.791951
9	-0.893519	16.797263
4	-0.150871	16.802580
5	-0.892379	16.819030
6	-0.277908	16.824319
7	-1.708999	16.829603
8	-0.141695	16.834596
9	-0.896948	16.839884
4	-0.139146	16.845189
5	-0.896323	16.861591
6	-0.256295	16.866883
7	-1.717017	16.872172
8	-0.130155	16.877457
9	-0.899670	16.882457
4	-0.126793	16.887722
5	-0.899189	16.904112
6	-0.232713	16.909405
7	-1.721147	16.914677
8	-0.118864	16.919966
9	-0.902829	16.924974
4	-0.113103	16.930235
5	-0.901711	16.946646
6	-0.206561	16.951939
7	-1.726623	16.957254
8	-0.106120	16.962251
9	-0.905307	16.967528
4	-0.100942	16.972800
5	-0.903831	16.989191
6	-0.184457	16.994475
7	-1.730695	16.999764
8	-0.092475	17.004837
9	-0.908060	17.010165
4	-0.089011	17.015493
5	-0.907247	17.032032
6	-0.162265	17.037325
7	-1.736298	17.042345
8	-0.080609	17.047654
9	-0.910261	17.052974
4	-0.076873	17.058011
5	-0.909243	17.074561
6	-0.137274	17.079866
7	-1.741341	17.084899
8	-0.069313	17.090203
9	-0.912676	17.095511
4	-0.062926	17.100804
5	-0.911136	17.117347
6	-0.112627	17.122364
7	-1.743536	17.127692
8	-0.055709	17.132724
9	-0.914054	17.138033
4	-0.050619	17.143337
5	-0.912662	17.159892
6	-0.090108	17.164949
7	-1.748133	17.170297
8	-0.042698	17.175326
9	-0.916462	17.180666
4	-0.038679	17.186007
5	-0.915125	17.202354
6	-0.068033	17.207666
7	-1.751278	17.212699
8	-0.030963	17.217999
9	-0.918031	17.223299
4	-0.025768	17.228316
5	-0.916457	17.244850
6	-0.041657	17.250151
7	-1.753917	17.255456
8	-0.019929	17.260772
9	-0.919681	17.265781
4	-0.011911	17.271102
5	-0.917690	17.287660
6	-0.017931	17.292668
7	-1.757031	17.297993
8	-0.004787	17.303306
9	-0.920553	17.308310
4	0.000229	17.313634
5	-0.918851	17.329948
6	0.004621	17.335241
7	-1.759820	17.340578
8	0.007460	17.345870
9	-0.921974	17.350858
4	0.012019	17.356134
5	-0.920298	17.372446
6	0.027528	17.377774
7	-1.760984	17.383091
8	0.019016	17.388375
9	-0.922883	17.393399
4	0.025263	17.398744
5	-0.920921	17.415007
6	0.054171	17.420344
7	-1.762460	17.425663
8	0.030341	17.430668
9	-0.923884	17.435980
4	0.038757	17.441289
5	-0.921345	17.457848
6	0.077999	17.462848
7	-1.762426	17.468165
8	0.045757	17.473478
9	-0.923772	17.478482
4	0.050893	17.483790
5	-0.922089	17.500053
6	0.099783	17.505374
7	-1.764672	17.510662
8	0.057852	17.515967
9	-0.924819	17.520964
4	0.063183	17.526300
5	-0.922477	17.542755
6	0.123303	17.548047
7	-1.765492	17.553371
8	0.069397	17.558392
9	-0.924928	17.563684
4	0.076621	17.568697
5	-0.922504	17.585292
6	0.149858	17.590632
7	-1.764403	17.595684
8	0.080879	17.601045
9	-0.924864	17.606089
4	0.090184	17.611442
5	-0.922454	17.627796
6	0.172310	17.633117
7	-1.764594	17.638417
8	0.095806	17.643698
9	-0.924618	17.648678
4	0.101872	17.653939
5	-0.922454	17.670333
6	0.195022	17.675626
7	-1.765376	17.680890
8	0.108008	17.686154
9	-0.924685	17.691447
4	0.114093	17.696733
5	-0.922363	17.713188
6	0.219402	17.718447
7	-1.763533	17.723403
8	0.120149	17.728673
9	-0.923813	17.733945
4	0.128107	17.739229
5	-0.921445	17.755684
6	0.245159	17.760937
7	-1.763463	17.766193
8	0.131283	17.771458
9	-0.923355	17.776726
4	0.140693	17.781987
5	-0.920294	17.798502
6	0.268195	17.803494
7	-1.760853	17.808751
8	0.146287	17.814025
9	-0.922609	17.819311
4	0.152934	17.824616
5	-0.920127	17.841091
6	0.290299	17.846091
7	-1.759732	17.851353
8	0.158372	17.856629
9	-0.921524	17.861882
4	0.165155	17.867178
5	-0.918772	17.883540
6	0.314636	17.888801
7	-1.757400	17.894065
8	0.170174	17.899378
9	-0.920136	17.904659
4	0.179112	17.909642
5	-0.917492	17.926070
6	0.340295	17.931390
7	-1.754988	17.936710
8	0.182133	17.941703
9	-0.918913	17.947033
4	0.191622	17.952337
5	-0.915795	17.968876
6	0.362864	17.973868
7	-1.752069	17.979165
8	0.196426	17.984457
9	-0.917690	17.989730
4	0.203810	17.994990
5	-0.914755	18.011533
6	0.385890	18.016537
7	-1.749356	18.021858
8	0.208201	18.027171
9	-0.916064	18.032451
4	0.215991	18.037428
5	-0.912540	18.053858
6	0.409796	18.059111
7	-1.745205	18.064395
8	0.219998	18.069676
9	-0.913472	18.074949
4	0.229755	18.079909
5	-0.910771	18.096331
6	0.435255	18.101636
7	-1.741746	18.106928
8	0.232160	18.112209
9	-0.911582	18.117477
4	0.242102	18.122446
5	-0.908156	18.138861
6	0.457740	18.144173
7	-1.737442	18.149438
8	0.246463	18.154719
9	-0.910096	18.159979
4	0.253906	18.165248
5	-0.906520	18.181706
6	0.479794	18.186979
7	-1.733113	18.192275
8	0.258091	18.197568
9	-0.907600	18.202521
4	0.266359	18.207781
5	-0.903661	18.224200
6	0.504170	18.229500
7	-1.728545	18.234777
8	0.269220	18.240090
9	-0.904379	18.245102
4	0.280232	18.250403
5	-0.901208	18.266918
6	0.528867	18.272214
7	-1.722165	18.277199
8	0.282495	18.282500
9	-0.901711	18.287776
4	0.292254	18.293073
5	-0.898352	18.309496
6	0.551531	18.314772
7	-1.717537	18.320048
8	0.295901	18.325349
9	-0.899394	18.330350
4	0.304186	18.335618
5	-0.895319	18.352065
6	0.572922	18.357341
7	-1.710878	18.362602
8	0.307586	18.367882
9	-0.896287	18.373179
4	0.316291	18.378440
5	-0.892124	18.394910
6	0.598002	18.400214
7	-1.705993	18.405219
8	0.318174	18.410512
9	-0.892709	18.415804
4	0.329354	18.421117
5	-0.888696	18.437575
6	0.621786	18.442876
7	-1.698459	18.448173
8	0.332639	18.453141
9	-0.888949	18.458406
4	0.341399	18.463682
5	-0.885666	18.480097
6	0.643366	18.485406
7	-1.692801	18.490682
8	0.344710	18.495654
9	-0.886047	18.500930
4	0.352953	18.506219
5	-0.881505	18.522622
6	0.665550	18.527894
7	-1.684542	18.533182
8	0.356345	18.538467
9	-0.882199	18.543759
4	0.365663	18.548776
5	-0.877660	18.565347
6	0.690346	18.570343
7	-1.677218	18.575651
8	0.366945	18.580952
9	-0.878053	18.585992
4	0.378418	18.591289
5	-0.873740	18.607836
6	0.713825	18.612840
7	-1.669491	18.618165
8	0.381053	18.623482
9	-0.873957	18.628488
4	0.389903	18.633762
5	-0.870223	18.650198
6	0.734890	18.655466
7	-1.663380	18.660738
8	0.392380	18.666027
9	-0.870457	18.671043
4	0.401471	18.676352
5	-0.865298	18.693071
6	0.756695	18.698035
7	-1.652768	18.703316
8	0.403788	18.708584
9	-0.865472	18.713857
4	0.414128	18.718829
5	-0.860834	18.735284
6	0.780056	18.740553
7	-1.644576	18.745853
8	0.414152	18.751178
9	-0.860710	18.756166
4	0.426428	18.761435
5	-0.856288	18.777857
6	0.803056	18.783182
7	-1.635900	18.788174
8	0.428619	18.793463
9	-0.855944	18.798743
4	0.437875	18.804000
5	-0.851941	18.820430
6	0.824223	18.825716
7	-1.627689	18.831000
8	0.439596	18.836328
9	-0.851586	18.841324
4	0.448845	18.846601
5	-0.846276	18.863032
6	0.845700	18.868356
7	-1.616774	18.873672
8	0.450649	18.878709
9	-0.846188	18.884009
4	0.461388	18.889318
5	-0.841410	18.905857
6	0.869243	18.910856
7	-1.607576	18.916169
8	0.461104	18.921465
9	-0.840762	18.926763
4	0.473244	18.931767
5	-0.836125	18.948214
6	0.890212	18.953483
7	-1.597414	18.958759
8	0.474539	18.964047
9	-0.836013	18.969340
4	0.484288	18.974300
5	-0.831328	18.991047
6	0.911491	18.996016
7	-1.586554	19.001296
8	0.485499	19.006605
9	-0.830672	19.011897
4	0.495303	19.016881
5	-0.825160	19.033296
6	0.931862	19.038549
7	-1.575568	19.043826
8	0.495970	19.049102
9	-0.824380	19.054390
4	0.507777	19.059666
5	-0.819566	19.076170
6	0.956090	19.081169
7	-1.564277	19.086470
8	0.506256	19.091776
9	-0.818570	19.097068
4	0.518952	19.102031
5	-0.813413	19.118734
6	0.976238	19.124015
7	-1.554048	19.129307
8	0.519550	19.134288
9	-0.813389	19.139552
4	0.530024	19.144828
5	-0.808060	19.161300
6	0.996361	19.166568
7	-1.541195	19.171833
8	0.530260	19.177094
9	-0.807226	19.182389
4	0.540691	19.187658
5	-0.801027	19.204033
6	1.017576	19.209306
7	-1.530364	19.214594
8	0.540247	19.219867
9	-0.800095	19.225184
4	0.552795	19.230216
5	-0.795191	19.246694
6	1.039269	19.252007
7	-1.517721	19.257028
8	0.551579	19.262344
9	-0.793808	19.267645
4	0.563474	19.272661
5	-0.788946	19.289175
6	1.059628	19.294504
7	-1.506420	19.299777
8	0.563629	19.304757
9	-0.788181	19.310042
4	0.574246	19.315338
5	-0.782192	19.331749
6	1.078692	19.337033
7	-1.492195	19.342307
8	0.573704	19.347594
9	-0.781753	19.352539
4	0.584560	19.357816
5	-0.774946	19.374258
6	1.100607	19.379550
7	-1.479404	19.384867
8	0.583546	19.389891
9	-0.773163	19.395224
4	0.596085	19.400540
5	-0.768578	19.417071
6	1.121199	19.422080
7	-1.466999	19.427384
8	0.594854	19.432680
9	-0.766516	19.437709
4	0.606594	19.443014
5	-0.761562	19.459628
6	1.140509	19.464653
7	-1.454056	19.469968
8	0.606182	19.475266
9	-0.760904	19.480282
4	0.616787	19.485587
5	-0.754051	19.502142
6	1.158934	19.507178
7	-1.438542	19.512463
8	0.616028	19.517779
9	-0.753477	19.522784
4	0.627108	19.528101
5	-0.746648	19.544627
6	1.179900	19.549628
7	-1.424487	19.554976
8	0.625270	19.560281
9	-0.744653	19.565269
4	0.638359	19.570569
5	-0.739594	19.587088
6	1.199873	19.592412
7	-1.410835	19.597401
8	0.636637	19.602726
9	-0.737307	19.608038
4	0.648401	19.613347
5	-0.732267	19.629898
6	1.218596	19.634901
7	-1.396802	19.640270
8	0.647016	19.645295
9	-0.730894	19.650639
4	0.658178	19.655704
5	-0.724259	19.672190
6	1.236532	19.677492
7	-1.379667	19.682771
8	0.656495	19.687752
9	-0.723469	19.693037
4	0.668364	19.698325
5	-0.716171	19.714748
6	1.256917	19.720037
7	-1.365013	19.725329
8	0.665476	19.730293
9	-0.713799	19.735582
4	0.678737	19.740846
5	-0.708633	19.757317
6	1.275885	19.762614
7	-1.351648	19.767890
8	0.676868	19.772855
9	-0.705867	19.778148
4	0.688458	19.783444
5	-0.700855	19.799867
6	1.293683	19.805128
7	-1.336875	19.810384
8	0.686710	19.815669
9	-0.698800	19.820941
4	0.697715	19.826201
5	-0.691636	19.842621
6	1.311090	19.847929
7	-1.316986	19.852945
8	0.695880	19.858238
9	-0.690568	19.863510
4	0.707727	19.868767
5	-0.683401	19.885182
6	1.330664	19.890458
7	-1.302619	19.895739
8	0.704100	19.901044
9	-0.681160	19.906063
4	0.718000	19.911345
5	-0.675361	19.927764
6	1.349120	19.933049
7	-1.286083	19.938341
8	0.715687	19.943609
9	-0.672710	19.948846
4	0.726731	19.954142
5	-0.667267	19.970681
6	1.365388	19.975697
7	-1.270862	19.981017
8	0.724602	19.986334
9	-0.664854	19.991354
4	0.735607	19.996639
5	-0.657277	20.013231
6	1.383152	20.018271
7	-1.252151	20.023603
8	0.732970	20.028620
9	-0.655382	20.033964
4	0.745793	20.039288
5	-0.648716	20.055828
6	1.400593	20.060864
7	-1.236220	20.066213
8	0.740831	20.071217
9	-0.646031	20.076542
4	0.754833	20.081830
5	-0.639949	20.098337
6	1.418259	20.103369
7	-1.219366	20.108698
8	0.751662	20.114014
9	-0.637326	20.119015
4	0.763371	20.124307
5	-0.631640	20.140850
6	1.434307	20.145867
7	-1.201473	20.151191
8	0.760589	20.156503
9	-0.628691	20.161499
4	0.771980	20.166820
5	-0.621376	20.183306
6	1.450205	20.188591
7	-1.183679	20.193871
8	0.768392	20.199136
9	-0.618439	20.204413
4	0.781458	20.209677
5	-0.612064	20.226088
6	1.467800	20.231412
7	-1.165788	20.236394
8	0.776587	20.241738
9	-0.609052	20.247026
4	0.790067	20.252315
5	-0.602892	20.268738
6	1.483980	20.274030
7	-1.148191	20.279287
8	0.786233	20.284579
9	-0.600617	20.289916
4	0.798333	20.294923
5	-0.593782	20.311314
6	1.499348	20.316599
7	-1.128454	20.321880
8	0.794373	20.327160
9	-0.591023	20.332465
4	0.806441	20.337726
5	-0.582926	20.354176
6	1.515258	20.359436
7	-1.109906	20.364706
8	0.801768	20.369978
9	-0.579689	20.375242
4	0.815180	20.380507
5	-0.573790	20.396942
6	1.531146	20.402222
7	-1.092515	20.407486
8	0.810464	20.412779
9	-0.570135	20.418064
4	0.823155	20.423068
5	-0.564401	20.439639
6	1.546166	20.444647
7	-1.074286	20.449944
8	0.818885	20.455248
9	-0.561681	20.460549
4	0.831173	20.465569
5	-0.553458	20.482288
6	1.559718	20.487548
7	-1.052373	20.492533
8	0.826569	20.497822
9	-0.551779	20.503111
4	0.839207	20.508407
5	-0.543590	20.524854
6	1.576488	20.529867
7	-1.034336	20.535175
8	0.833478	20.540491
9	-0.539684	20.545511
4	0.847202	20.550804
5	-0.534020	20.567243
6	1.590040	20.572503
7	-1.015432	20.577756
8	0.842068	20.583041
9	-0.529885	20.588313
4	0.854552	20.593602
5	-0.524004	20.610045
6	1.604224	20.615317
7	-0.997763	20.620602
8	0.849624	20.625886
9	-0.520873	20.630846
4	0.861521	20.636147
5	-0.512586	20.652597
6	1.617730	20.657874
7	-0.974596	20.663158
8	0.856738	20.668166
9	-0.510450	20.673460
4	0.869377	20.678736
5	-0.502176	20.695187
6	1.633199	20.700443
7	-0.954833	20.705728
8	0.862634	20.710992
9	-0.498212	20.716276
4	0.876546	20.721545
5	-0.492151	20.738020
6	1.646407	20.743308
7	-0.936723	20.748289
8	0.871384	20.753585
9	-0.488052	20.758870
4	0.883556	20.764142
5	-0.482178	20.780577
6	1.659093	20.785854
7	-0.916193	20.791133
8	0.878401	20.796438
9	-0.478299	20.801431
4	0.890317	20.806740
5	-0.469890	20.823214
6	1.672092	20.828503
7	-0.893123	20.833504
8	0.884650	20.838812
9	-0.466676	20.844100
4	0.897629	20.849374
5	-0.459452	20.865800
6	1.685152	20.871085
7	-0.873594	20.876100
8	0.890520	20.881421
9	-0.455241	20.886686
4	0.904281	20.891946
5	-0.448976	20.908349
6	1.697650	20.913658
7	-0.853343	20.918654
8	0.898359	20.923955
9	-0.444889	20.929231
4	0.910764	20.934492
5	-0.438531	20.950902
6	1.709071	20.956207
7	-0.831502	20.961207
8	0.904410	20.966496
9	-0.434687	20.971761
4	0.916829	20.977033
5	-0.426395	20.993460
6	1.721528	20.998749
7	-0.809455	21.004041
8	0.910547	21.009057
9	-0.422254	21.014386
4	0.923531	21.019651
5	-0.415456	21.036117
6	1.733799	21.041102
7	-0.788636	21.046371
8	0.915585	21.051631
9	-0.411191	21.056919
4	0.929580	21.062200
5	-0.404770	21.078686
6	1.745086	21.083674
7	-0.768714	21.088988
8	0.923155	21.094296
9	-0.400617	21.099648
4	0.935574	21.104958
5	-0.393980	21.121160
6	1.755257	21.126472
7	-0.744794	21.131461
8	0.928762	21.136774
9	-0.389836	21.142098
4	0.941017	21.147134
5	-0.381053	21.163785
6	1.766637	21.168805
7	-0.722397	21.174093
8	0.933905	21.179390
9	-0.376835	21.184715
4	0.947073	21.189736
5	-0.370269	21.206270
6	1.777070	21.211266
7	-0.701590	21.216567
8	0.938778	21.221879
9	-0.365672	21.226900
4	0.952699	21.232209
5	-0.359273	21.248631
6	1.787184	21.253923
7	-0.679875	21.259201
8	0.945349	21.264200
9	-0.355003	21.269466
4	0.957883	21.274750
5	-0.348265	21.291233
6	1.797905	21.296225
7	-0.656457	21.301526
8	0.950506	21.306794
9	-0.343676	21.312082
4	0.963090	21.317359
5	-0.335248	21.333778
6	1.808057	21.339066
7	-0.633364	21.344375
8	0.955346	21.349343
9	-0.330238	21.354632
4	0.968330	21.359921
5	-0.323920	21.376348
6	1.816421	21.381640
7	-0.612154	21.386920
8	0.959933	21.391896
9	-0.318837	21.397189
4	0.973256	21.402466
5	-0.312443	21.418877
6	1.825963	21.424149
7	-0.590201	21.429433
8	0.965421	21.434719
9	-0.308027	21.439995
4	0.977960	21.445024
5	-0.300329	21.461730
6	1.835025	21.467019
7	-0.564592	21.472335
8	0.970104	21.477604
9	-0.296633	21.482580
4	0.982790	21.487909
5	-0.287776	21.504420
6	1.844259	21.509436
7	-0.542076	21.514688
8	0.974312	21.519985
9	-0.282135	21.525305
4	0.986986	21.530318
5	-0.276475	21.546749
6	1.851418	21.552049
7	-0.521588	21.557310
8	0.979004	21.562581
9	-0.271146	21.567859
4	0.991502	21.573155
5	-0.264831	21.589562
6	1.860345	21.594847
7	-0.498960	21.600140
8	0.983494	21.605439
9	-0.260212	21.610452
4	0.995765	21.615757
5	-0.251799	21.632175
6	1.867907	21.637451
7	-0.472970	21.642760
8	0.987163	21.647745
9	-0.248554	21.653013
4	1.000202	21.658277
5	-0.239639	21.674709
6	1.875966	21.679977
7	-0.449669	21.685261
8	0.990901	21.690546
9	-0.234306	21.695558
4	1.003328	21.700846
5	-0.228024	21.717269
6	1.882892	21.722538
7	-0.428786	21.727819
8	0.995269	21.733123
9	-0.222318	21.738144
4	1.007314	21.743452
5	-0.216291	21.759927
6	1.889613	21.765215
7	-0.405960	21.770492
8	0.998960	21.775508
9	-0.211978	21.780781
4	1.011005	21.786037
5	-0.203006	21.802467
6	1.895926	21.807761
7	-0.379417	21.813025
8	1.002131	21.817993
9	-0.199347	21.823259
4	1.014731	21.828530
5	-0.190570	21.844990
6	1.903427	21.850302
7	-0.356624	21.855298
8	1.004880	21.860618
9	-0.185239	21.865912
4	1.017843	21.871211
5	-0.179236	21.887706
6	1.908868	21.892979
7	-0.334251	21.897963
8	1.009143	21.903244
9	-0.173409	21.908525
4	1.020880	21.913825
5	-0.167594	21.930248
6	1.915009	21.935524
7	-0.311773	21.940821
8	1.012058	21.946094
9	-0.162444	21.951362
4	1.023941	21.956651
5	-0.153425	21.973086
6	1.920634	21.978386
7	-0.284417	21.983655
8	1.014827	21.988943
9	-0.148609	21.994212
4	1.026914	21.999480
5	-0.141518	22.016023
6	1.925116	22.021043
7	-0.261397	22.026348
8	1.016517	22.031665
9	-0.135505	22.036676
4	1.029337	22.041993
5	-0.129178	22.058524
6	1.930478	22.063525
7	-0.238369	22.068821
8	1.020136	22.074130
9	-0.123723	22.079142
4	1.031935	22.084446
5	-0.117433	22.100993
6	1.935428	22.106290
7	-0.214112	22.111266
8	1.022606	22.116539
9	-0.111995	22.121795
4	1.034565	22.127072
5	-0.103035	22.143499
6	1.940539	22.148791
7	-0.187635	22.154068
8	1.024955	22.159048
9	-0.098002	22.164318
4	1.036697	22.169634
5	-0.090969	22.186177
6	1.943293	22.191205
7	-0.165741	22.196546
8	1.026306	22.201553
9	-0.084951	22.206862
4	1.038890	22.212202
5	-0.078931	22.228797
6	1.947494	22.233810
7	-0.142024	22.239110
8	1.028917	22.244427
9	-0.073402	22.249427
4	1.040693	22.254744
5	-0.066891	22.271279
6	1.951051	22.276328
7	-0.117006	22.281672
8	1.030851	22.286721
9	-0.061727	22.292005
4	1.042502	22.297330
5	-0.052531	22.313861
6	1.955398	22.318873
7	-0.091791	22.324166
8	1.032470	22.329482
9	-0.046959	22.334514
4	1.043878	22.339843
5	-0.040326	22.356374
6	1.957002	22.361386
7	-0.068672	22.366703
8	1.033423	22.371995
9	-0.034742	22.377315
4	1.045337	22.382343
5	-0.028207	22.398834
6	1.959296	22.404119
7	-0.045438	22.409419
8	1.035064	22.414463
9	-0.022786	22.419760
4	1.046794	22.425060
5	-0.015583	22.441627
6	1.962340	22.446664
7	-0.019026	22.452021
8	1.036580	22.457061
9	-0.010705	22.462354
4	1.048124	22.467630
5	-0.001657	22.484200
6	1.965163	22.489253
7	0.005474	22.494574
8	1.037612	22.499622
9	0.004194	22.504951
4	1.048415	22.510267
5	0.010254	22.526758
6	1.965590	22.531767
7	0.029013	22.537080
8	1.038308	22.542388
9	0.016167	22.547388
4	1.049657	22.552701
5	0.022328	22.569267
6	1.967044	22.574271
7	0.052598	22.579596
8	1.038990	22.584924
9	0.028017	22.589929
4	1.050384	22.595217
5	0.035543	22.611712
6	1.969145	22.617021
7	0.079083	22.622033
8	1.039865	22.627374
9	0.040128	22.632390
4	1.051204	22.637719
5	0.049143	22.654261
6	1.970518	22.659253
7	0.102940	22.664542
8	1.040163	22.669859
9	0.055275	22.674851
4	1.050744	22.680159
5	0.061400	22.696674
6	1.969631	22.701975
7	0.126438	22.706995
8	1.040352	22.712340
9	0.067272	22.717392
4	1.051140	22.722741
5	0.073569	22.739295
6	1.970091	22.744288
7	0.150015	22.749592
8	1.040263	22.754905
9	0.079021	22.759901
4	1.051486	22.765215
5	0.086477	22.781729
6	1.970141	22.786765
7	0.176899	22.792082
8	1.040542	22.797406
9	0.091543	22.802419
4	1.051610	22.807736
5	0.100212	22.824274
6	1.970995	22.829291
7	0.201085	22.834572
8	1.040342	22.839820
9	0.106461	22.845105
4	1.050654	22.850385
5	0.112486	22.866803
6	1.969002	22.872068
7	0.224185	22.877333
8	1.040294	22.882617
9	0.118864	22.887862
4	1.050487	22.893122
5	0.124815	22.909557
6	1.968208	22.914554
7	0.248063	22.919810
8	1.039479	22.925094
9	0.130258	22.930372
4	1.050136	22.935644
5	0.138462	22.952303
6	1.968291	22.957331
7	0.275493	22.962652
8	1.038804	22.967656
9	0.142634	22.972941
4	1.049717	22.978213
5	0.151155	22.994640
6	1.966594	22.999913
7	0.298987	23.005189
8	1.037796	23.010469
9	0.157511	23.015742
4	1.047819	23.020730
5	0.163178	23.037494
6	1.963616	23.042490
7	0.322652	23.047743
8	1.037436	23.053046
9	0.170040	23.058307
4	1.047204	23.063603
5	0.175610	23.080039
6	1.962243	23.085315
7	0.345450	23.090616
8	1.036046	23.095640
9	0.180862	23.100940
4	1.046217	23.106249
5	0.189548	23.122800
6	1.959935	23.127792
7	0.373452	23.133073
8	1.035090	23.138373
9	0.194318	23.143646
4	1.045072	23.148915
5	0.201905	23.165389
6	1.956714	23.170654
7	0.397334	23.175927
8	1.033073	23.181195
9	0.208743	23.186487
4	1.043117	23.191772
5	0.213885	23.208183
6	1.954649	23.213463
7	0.421100	23.218740
8	1.031754	23.224028
9	0.220511	23.229309
4	1.041534	23.234289
5	0.225854	23.251016
6	1.950527	23.256013
7	0.445762	23.261317
8	1.030441	23.266626
9	0.231772	23.271634
4	1.040008	23.276943
5	0.240099	23.293353
6	1.949261	23.298626
7	0.471187	23.303898
8	1.028791	23.309167
9	0.246430	23.314447
4	1.037565	23.319716
5	0.252330	23.336175
6	1.942831	23.341159
7	0.494568	23.346412
8	1.026137	23.351684
9	0.259099	23.356978
4	1.035548	23.362258
5	0.264471	23.378681
6	1.939702	23.383957
7	0.517390	23.389249
8	1.023815	23.394562
9	0.270884	23.399531
4	1.033604	23.404811
5	0.276599	23.421222
6	1.935919	23.426542
7	0.542543	23.431538
8	1.022172	23.436868
9	0.282674	23.442196
4	1.031497	23.447220
5	0.290566	23.463751
6	1.932440	23.469072
7	0.568071	23.474100
8	1.019967	23.479405
9	0.297031	23.484701
4	1.027882	23.490001
5	0.302610	23.506497
6	1.924294	23.511521
7	0.590611	23.516877
8	1.016999	23.522194
9	0.309312	23.527194
4	1.025656	23.532518
5	0.314546	23.548957
6	1.920169	23.554253
7	0.614348	23.559522
8	1.013966	23.564498
9	0.320883	23.569750
4	1.023228	23.575023
5	0.326502	23.591474
6	1.917165	23.596795
7	0.640760	23.602063
8	1.011415	23.607039
9	0.332732	23.612312
4	1.020622	23.617577
5	0.340424	23.634028
6	1.910620	23.639296
7	0.664034	23.644581
8	1.008754	23.649853
9	0.347347	23.655130
4	1.015985	23.660406
5	0.351737	23.676829
6	1.903379	23.682101
7	0.686100	23.687378
8	1.005240	23.692647
9	0.358865	23.697947
4	1.013446	23.703239
5	0.363805	23.719698
6	1.897228	23.724707
7	0.709307	23.730012
8	1.001358	23.735308
9	0.369854	23.740344
4	1.010294	23.745653
5	0.376954	23.762167
6	1.891005	23.767472
7	0.735367	23.772468
8	0.998373	23.777790
9	0.382149	23.783090
4	1.007457	23.788374
5	0.389335	23.804901
6	1.884892	23.809921
7	0.758701	23.815237
8	0.994690	23.820530
9	0.396607	23.825806
4	1.002476	23.830775
5	0.400858	23.847522
6	1.876529	23.852494
7	0.780444	23.857802
8	0.991130	23.863091
9	0.408161	23.868359
4	0.998903	23.873648
5	0.412648	23.890075
6	1.870077	23.895351
7	0.802775	23.900620
8	0.986753	23.905616
9	0.418711	23.910881
4	0.995367	23.916161
5	0.425832	23.932608
6	1.863659	23.937913
7	0.828843	23.943197
8	0.983172	23.948182
9	0.431125	23.953454
4	0.991545	23.958735
5	0.437772	23.975145
6	1.853574	23.980426
7	0.851243	23.985698
8	0.978685	23.990987
9	0.445206	23.996287
4	0.986023	24.001280
5	0.449329	24.017995
6	1.846369	24.023283
7	0.873156	24.028572
8	0.974310	24.033548
9	0.456586	24.038824
4	0.982228	24.044133
5	0.460546	24.060636
6	1.838851	24.065641
7	0.895324	24.070905
8	0.970087	24.076217
9	0.467198	24.081530
4	0.977934	24.086518
5	0.473771	24.103261
6	1.830855	24.108249
7	0.921188	24.113530
8	0.966192	24.118793
9	0.479920	24.124051
4	0.972963	24.129335
5	0.485628	24.145770
6	1.818834	24.151046
7	0.942662	24.156351
8	0.961073	24.161372
9	0.492690	24.166676
4	0.967868	24.171965
5	0.496428	24.188408
6	1.811042	24.193684
7	0.964487	24.198933
8	0.955601	24.203925
9	0.503826	24.209234
4	0.963018	24.214510
5	0.507617	24.230937
6	1.803229	24.236225
7	0.987060	24.241502
8	0.951157	24.246482
9	0.514474	24.251787
4	0.958324	24.257143
5	0.520785	24.273622
6	1.795147	24.278899
7	1.010545	24.283876
8	0.946481	24.289147
9	0.527728	24.294432
4	0.952220	24.299709
5	0.531922	24.316148
6	1.781822	24.321428
7	1.032448	24.326692
8	0.940593	24.331673
9	0.539343	24.336949
4	0.946913	24.342242
5	0.543103	24.358668
6	1.772025	24.363945
7	1.053434	24.369210
8	0.934513	24.374518
9	0.550063	24.379799
4	0.941985	24.384791
5	0.554030	24.401274
6	1.763535	24.406622
7	1.075382	24.411663
8	0.929690	24.417012
9	0.560775	24.422043
4	0.937026	24.427388
5	0.566893	24.443710
6	1.754120	24.449039
7	1.098500	24.454336
8	0.924614	24.459353
9	0.573809	24.464661
4	0.929713	24.469993
5	0.577753	24.486496
6	1.738272	24.491468
7	1.120167	24.496725
8	0.918725	24.501985
9	0.585053	24.507274
4	0.924466	24.512558
5	0.588265	24.529033
6	1.728933	24.534290
7	1.140025	24.539266
8	0.911589	24.544558
9	0.595317	24.549843
4	0.918799	24.555123
5	0.599444	24.571582
6	1.719530	24.576867
7	1.163464	24.582131
8	0.906399	24.587116
9	0.606089	24.592388
4	0.913310	24.597692
5	0.611477	24.614223
6	1.709552	24.619196
7	1.184891	24.624445
8	0.900641	24.629716
9	0.618982	24.634997
4	0.905144	24.640233
5	0.621975	24.656668
6	1.693476	24.661949
7	1.204937	24.667218
8	0.893958	24.672202
9	0.629337	24.677455
4	0.899298	24.682739
5	0.632749	24.699202
6	1.682239	24.704487
7	1.224404	24.709764
8	0.886562	24.715048
9	0.639374	24.720325
4	0.893367	24.725305
5	0.643845	24.741748
6	1.671226	24.747032
7	1.247666	24.752341
8	0.880797	24.757366
9	0.649979	24.762678
4	0.887776	24.767966
5	0.655155	24.784457
6	1.659525	24.789761
7	1.268332	24.794769
8	0.874396	24.800050
9	0.662830	24.805338
4	0.878585	24.810591
5	0.665622	24.827071
6	1.643706	24.832066
7	1.288479	24.837331
8	0.867672	24.842608
9	0.672813	24.847856
4	0.872400	24.853137
5	0.676029	24.869548
6	1.631835	24.874820
7	1.306854	24.880101
8	0.859781	24.885394
9	0.682430	24.890366
4	0.866158	24.895635
5	0.686829	24.912126
6	1.620176	24.917402
7	1.330185	24.922698
8	0.853081	24.927678
9	0.692799	24.932963
4	0.859864	24.938239
5	0.697882	24.954626
6	1.606255	24.959907
7	1.350270	24.965176
8	0.846360	24.970488
9	0.705252	24.975512
4	0.850218	24.980809
5	0.707598	24.997235
6	1.591344	25.002524
7	1.369386	25.007817
8	0.838890	25.012777
9	0.715041	25.018046
4	0.843563	25.023350
5	0.717716	25.039881
6	1.577912	25.044885
7	1.388340	25.050194
8	0.830999	25.055494
9	0.724194	25.060787
4	0.836845	25.065759
5	0.728498	25.082338
6	1.564930	25.087650
7	1.410468	25.092671
8	0.823918	25.097995
9	0.734470	25.103327
4	0.829666	25.108340
5	0.738754	25.124851
6	1.550317	25.130167
7	1.429649	25.135175
8	0.816498	25.140492
9	0.746167	25.145817
4	0.819824	25.150841
5	0.748489	25.167391
6	1.533580	25.172728
7	1.448207	25.177748
8	0.808475	25.183064
9	0.755658	25.188357
4	0.812509	25.193377
5	0.757938	25.209896
6	1.519821	25.215184
7	1.465328	25.220510
8	0.800400	25.225818
9	0.764229	25.230843
4	0.805383	25.236151
5	0.768557	25.252738
6	1.506129	25.257751
7	1.487542	25.263063
8	0.792854	25.268096
9	0.774651	25.273389
4	0.797587	25.278653
5	0.778239	25.295127
6	1.488936	25.300444
7	1.505173	25.305413
8	0.784774	25.310669
9	0.785680	25.315966
4	0.787437	25.321255
5	0.787595	25.337673
6	1.472800	25.342962
7	1.523221	25.347955
8	0.775695	25.353243
9	0.794819	25.358524
4	0.779731	25.363808
5	0.796936	25.380366
6	1.458092	25.385346
7	1.540308	25.390635
8	0.767734	25.395908
9	0.803051	25.401164
4	0.772100	25.406421
5	0.807481	25.422687
6	1.443293	25.428012
7	1.561242	25.433336
8	0.759618	25.438336
9	0.813105	25.443617
4	0.763440	25.448942
5	0.816634	25.465492
6	1.424191	25.470516
7	1.579326	25.475849
8	0.751071	25.481186
9	0.823837	25.486190
4	0.753443	25.491499
5	0.825596	25.508042
6	1.408358	25.513033
7	1.595905	25.518326
8	0.741530	25.523638
9	0.832410	25.528691
4	0.745070	25.534004
5	0.834186	25.550534
6	1.392923	25.555579
7	1.613064	25.560931
8	0.733254	25.566220
9	0.840421	25.571245
4	0.737209	25.576585
5	0.844648	25.592924
6	1.377843	25.598268
7	1.633053	25.603581
8	0.725434	25.608870
9	0.850365	25.613866
4	0.727525	25.619167
5	0.853338	25.635745
6	1.356871	25.640786
7	1.650148	25.646046
8	0.716086	25.651319
9	0.860679	25.656592
4	0.717321	25.661872
5	0.862174	25.678275
6	1.340471	25.683571
7	1.667257	25.688856
8	0.705640	25.694184
9	0.868750	25.699181
4	0.708752	25.704442
5	0.869963	25.720857
6	1.324416	25.726157
7	1.683240	25.731426
8	0.697253	25.736710
9	0.876632	25.741991
4	0.700417	25.747287
5	0.880044	25.763734
6	1.308253	25.769030
7	1.702125	25.774047
8	0.688789	25.779328
9	0.886717	25.784599
4	0.689087	25.789868
5	0.888298	25.806347
6	1.286147	25.811628
7	1.717275	25.816640
8	0.679448	25.821929
9	0.895190	25.827197
4	0.679982	25.832478
5	0.896771	25.848897
6	1.269141	25.854209
7	1.733725	25.859193
8	0.668266	25.864466
9	0.903025	25.869770
4	0.670889	25.875043
5	0.904575	25.891450
6	1.252408	25.896722
7	1.750257	25.902015
8	0.659614	25.907303
9	0.910728	25.912276
4	0.661976	25.917540
5	0.913770	25.934024
6	1.235686	25.939288
7	1.766501	25.944601
8	0.650692	25.949605
9	0.920496	25.954929
4	0.649810	25.960234
5	0.921705	25.976656
6	1.213670	25.981945
7	1.782182	25.987229
8	0.640824	25.992242
9	0.928397	25.997543
4	0.640779	26.002803
5	0.929816	26.019186
6	1.196025	26.024506
7	1.796673	26.029807
8	0.629921	26.034803
9	0.935815	26.040103
4	0.631602	26.045417
5	0.937555	26.061691
6	1.178637	26.067011
7	1.813126	26.072335
8	0.620651	26.077356
9	0.943480	26.082697
4	0.622559	26.087969
5	0.945866	26.104367
6	1.160808	26.109637
7	1.828595	26.114937
8	0.611382	26.120205
9	0.952454	26.125186
4	0.609832	26.130478
5	0.953391	26.146893
6	1.137133	26.152198
7	1.842347	26.157214
8	0.601039	26.162490
9	0.959721	26.167767
4	0.600250	26.173059
5	0.960899	26.189490
6	1.119275	26.194779
7	1.857603	26.200063
8	0.589709	26.205344
9	0.966408	26.210608
4	0.590718	26.215625
5	0.968013	26.232083
6	1.101706	26.237368
7	1.872800	26.242636
8	0.580211	26.247965
9	0.974016	26.252961
4	0.581021	26.258230
5	0.975950	26.274649
6	1.081341	26.279938
7	1.886943	26.285214
8	0.570417	26.290475
9	0.982514	26.295731
4	0.568023	26.301016
5	0.982840	26.317538
6	1.059723	26.322575
7	1.899631	26.327887
8	0.558875	26.333188
9	0.989292	26.338476
4	0.558329	26.343461
5	0.989824	26.360039
6	1.041062	26.365064
7	1.913188	26.370369
8	0.548201	26.375669
9	0.995302	26.380942
4	0.548818	26.385918
5	0.997269	26.402673
6	1.022046	26.407677
7	1.928485	26.412954
8	0.538492	26.418239
9	1.002927	26.423534
4	0.538457	26.428514
5	1.004014	26.445002
6	0.999923	26.450270
7	1.941035	26.455574
8	0.527947	26.460879
9	1.010666	26.465880
4	0.525727	26.471144
5	1.010745	26.487559
6	0.979131	26.492847
7	1.953981	26.498136
8	0.516856	26.503107
9	1.016937	26.508368
4	0.515409	26.513641
5	1.017158	26.530120
6	0.960152	26.535159
7	1.965294	26.540421
8	0.505521	26.545696
9	1.022439	26.550986
4	0.505355	26.556262
5	1.024111	26.572684
6	0.941148	26.577965
7	1.980348	26.583242
8	0.495854	26.588222
9	1.029516	26.593538
4	0.494485	26.598851
5	1.030381	26.615382
6	0.917268	26.620415
7	1.991380	26.625747
8	0.484915	26.630780
9	1.036802	26.636051
4	0.481467	26.641316
5	1.036814	26.657719
6	0.896890	26.662992
7	2.004338	26.668281
8	0.472889	26.673540
9	1.042724	26.678829
4	0.471165	26.683801
5	1.042414	26.700269
6	0.877142	26.705569
7	2.014249	26.710882
8	0.462031	26.715874
9	1.047495	26.721158
4	0.460799	26.726406
5	1.049142	26.742826
6	0.857537	26.748094
7	2.027152	26.753383
8	0.451896	26.758671
9	1.054361	26.763940
4	0.449479	26.768904
5	1.054931	26.785386
6	0.832148	26.790651
7	2.039710	26.795940
8	0.440669	26.801245
9	1.061042	26.806493
4	0.436795	26.811457
5	1.060467	26.828180
6	0.812130	26.833152
7	2.049392	26.838429
8	0.427713	26.843725
9	1.066351	26.848994
4	0.425906	26.854279
5	1.065822	26.870729
6	0.792227	26.876022
7	2.060099	26.881318
8	0.417233	26.886331
9	1.070819	26.891620
4	0.415342	26.896880
5	1.072054	26.913311
6	0.772460	26.918575
7	2.072323	26.923851
8	0.406647	26.929152
9	1.077311	26.934421
4	0.402413	26.939397
5	1.077211	26.955904
6	0.745833	26.961229
7	2.083064	26.966513
8	0.395205	26.971813
9	1.083026	26.976806
4	0.390534	26.982090
5	1.082690	26.998561
6	0.725994	27.003822
7	2.093578	27.009122
8	0.382059	27.014419
9	1.087852	27.019427
4	0.380237	27.024728
5	1.087566	27.041243
6	0.706597	27.046268
7	2.102387	27.051600
8	0.371044	27.056908
9	1.092415	27.061920
4	0.369232	27.067241
5	1.093211	27.083804
6	0.685835	27.088816
7	2.113565	27.094129
8	0.360599	27.099478
9	1.097870	27.104458
4	0.355394	27.109739
5	1.097846	27.126138
6	0.658114	27.131426
7	2.122348	27.136711
8	0.349050	27.142011
9	1.102786	27.147007
4	0.343912	27.152320
5	1.102498	27.168743
6	0.637663	27.174011
7	2.131563	27.179316
8	0.335248	27.184589
9	1.107250	27.189833
4	0.332983	27.194789
5	1.106699	27.211204
6	0.617170	27.216477
7	2.138901	27.221774
8	0.324392	27.227086
9	1.111100	27.232094
4	0.321956	27.237363
5	1.111682	27.253762
6	0.597468	27.259046
7	2.149003	27.264390
8	0.313678	27.269439
9	1.116345	27.274759
4	0.307481	27.280063
5	1.116090	27.296314
6	0.569673	27.301599
7	2.156206	27.306924
8	0.301626	27.312244
9	1.120727	27.317260
4	0.296450	27.322561
5	1.120537	27.339119
6	0.549030	27.344120
7	2.164546	27.349448
8	0.288103	27.354761
9	1.124590	27.360078
4	0.285111	27.365066
5	1.124032	27.381672
6	0.528529	27.386717
7	2.170694	27.392057
8	0.276923	27.397398
9	1.128385	27.402411
4	0.274057	27.407699
5	1.128366	27.424242
6	0.506978	27.429246
7	2.179013	27.434578
8	0.265751	27.439883
9	1.132736	27.444916
4	0.259202	27.450224
5	1.132155	27.466718
6	0.479319	27.471740
7	2.186988	27.477064
8	0.253894	27.482380
9	1.136365	27.487677
4	0.248013	27.492669
5	1.135977	27.509217
6	0.458119	27.514540
7	2.194372	27.519817
8	0.239968	27.525093
9	1.139655	27.530366
4	0.236633	27.535647
5	1.139252	27.552101
6	0.437088	27.557414
7	2.200008	27.562695
8	0.228584	27.567671
9	1.143201	27.572947
4	0.225337	27.578224
5	1.142826	27.594651
6	0.413985	27.599960
7	2.206448	27.605215
8	0.216513	27.610484
9	1.147101	27.615765
4	0.210178	27.621053
5	1.146238	27.637528
6	0.388081	27.642521
7	2.211907	27.647793
8	0.203793	27.653094
9	1.150294	27.658378
4	0.198660	27.663379
5	1.149380	27.680126
6	0.366533	27.685395
7	2.219613	27.690383
8	0.191355	27.695667
9	1.152361	27.700980
4	0.187373	27.706324
5	1.152153	27.722856
6	0.345309	27.727868
7	2.225135	27.733176
8	0.179923	27.738465
9	1.156009	27.743761
4	0.174680	27.749046
5	1.155098	27.765513
6	0.318871	27.770785
7	2.229555	27.775753
8	0.167820	27.781042
9	1.159511	27.786359
4	0.160728	27.791635
5	1.157854	27.808090
6	0.294855	27.813370
7	2.235809	27.818347
8	0.153604	27.823615
9	1.161840	27.828909
4	0.149145	27.834209
5	1.160281	27.850627
6	0.273988	27.855900
7	2.239926	27.861181
8	0.142002	27.866461
9	1.163433	27.871746
4	0.137458	27.876738
5	1.162749	27.893149
6	0.252614	27.898429
7	2.243999	27.903713
8	0.130601	27.909026
9	1.166497	27.913995
4	0.124123	27.919271
5	1.164964	27.935706
6	0.224533	27.941003
7	2.249718	27.946283
8	0.118246	27.951568
9	1.169257	27.956580
4	0.110617	27.961861
5	1.167651	27.978311
6	0.202479	27.983592
7	2.255352	27.988893
8	0.103872	27.993889
9	1.171284	27.999162
4	0.099349	28.004430
5	1.168988	28.020857
6	0.180640	28.026194
7	2.256463	28.031234
8	0.092127	28.036610
9	1.172433	28.041658
4	0.087590	28.047047
5	1.171332	28.063401
6	0.158632	28.068754
7	2.261282	28.074103
8	0.080857	28.079135
9	1.174734	28.084460
4	0.073252	28.089512
5	1.173189	28.106071
6	0.129888	28.111087
7	2.265907	28.116415
8	0.068557	28.121727
9	1.176629	28.126724
4	0.060618	28.132077
5	1.174958	28.148608
6	0.108140	28.153629
7	2.268642	28.158929
8	0.053821	28.164246
9	1.178308	28.169262
4	0.048807	28.174571
5	1.176133	28.191110
6	0.086162	28.196146
7	2.270127	28.201443
8	0.042470	28.206735
9	1.179138	28.211780
4	0.036907	28.217100
5	1.177681	28.233647
6	0.064168	28.238663
7	2.273157	28.243964
8	0.030775	28.249280
9	1.180756	28.254289
4	0.022480	28.259592
5	1.178861	28.276123
6	0.035787	28.281131
7	2.274969	28.286416
8	0.018282	28.291733
9	1.181968	28.297049
4	0.009778	28.302061
5	1.180232	28.318865
6	0.013444	28.323893
7	2.277752	28.329238
8	0.003715	28.334230
9	1.183272	28.339551
4	-0.002048	28.344892
5	1.180582	28.361182
6	-0.008669	28.366503
7	2.279397	28.371823
8	-0.007775	28.377112
9	1.183687	28.382116
4	-0.013683	28.387460
5	1.181741	28.403727
6	-0.030682	28.409035
7	2.281046	28.414360
8	-0.019562	28.419673
9	1.184247	28.424672
4	-0.028863	28.429989
5	1.182390	28.446264
6	-0.060055	28.451548
7	2.283309	28.456829
8	-0.031796	28.462134
9	1.185277	28.467470
4	-0.041137	28.472502
5	1.183105	28.489109
6	-0.082366	28.494141
7	2.283741	28.499493
8	-0.046713	28.504554
9	1.185820	28.509895
4	-0.053084	28.514931
5	1.182607	28.531313
6	-0.104144	28.536637
7	2.281542	28.541954
8	-0.058498	28.546978
9	1.185663	28.552295
4	-0.064540	28.557591
5	1.183453	28.574122
6	-0.126114	28.579118
7	2.282312	28.584471
8	-0.069859	28.589783
9	1.186025	28.594783
4	-0.079744	28.600093
5	1.183887	28.616627
6	-0.155115	28.621635
7	2.283900	28.626948
8	-0.082490	28.632241
9	1.186228	28.637541
4	-0.092235	28.642569
5	1.184206	28.659164
6	-0.177510	28.664164
7	2.285741	28.669460
8	-0.097129	28.674729
9	1.186109	28.680010
4	-0.104222	28.685294
5	1.183250	28.701706
6	-0.199132	28.706994
7	2.281821	28.712298
8	-0.108662	28.717282
9	1.186230	28.722611
4	-0.115628	28.727927
5	1.182950	28.744214
6	-0.222540	28.749503
7	2.281786	28.754803
8	-0.120723	28.760107
9	1.185367	28.765100
4	-0.131397	28.770393
5	1.182797	28.786899
6	-0.250607	28.792168
7	2.281631	28.797440
8	-0.133390	28.802717
9	1.184917	28.807973
4	-0.142820	28.813290
5	1.182459	28.829793
6	-0.272276	28.835066
7	2.280734	28.840051
8	-0.147560	28.845358
9	1.183942	28.850635
4	-0.154939	28.855932
5	1.180930	28.872390
6	-0.294449	28.877663
7	2.277589	28.882911
8	-0.159190	28.888200
9	1.183670	28.893484
4	-0.167315	28.898777
5	1.180287	28.915208
6	-0.321043	28.920484
7	2.277144	28.925773
8	-0.171521	28.930753
9	1.182800	28.936070
4	-0.182123	28.941330
5	1.179681	28.957777
6	-0.344858	28.963062
7	2.274917	28.968090
8	-0.185101	28.973403
9	1.181841	28.978690
4	-0.194159	28.983996
5	1.178563	29.000478
6	-0.367427	29.005747
7	2.272232	29.010731
8	-0.197461	29.016008
9	1.179760	29.021252
4	-0.205832	29.026513
5	1.176880	29.042979
6	-0.389392	29.048268
7	2.269741	29.053561
